-2.49881967063528 -2.48073060444091 -2.48151732448023 -2.49597852018662 -2.4970235909475 -2.48202576364856 -2.49446745683439 -2.49897079450544 -2.49795939729083 -2.48236639080569 -2.48003176876344 -2.49888844918460 -2.49415084194858 -2.4845926267514 -2.48832036544569 -26.9269402573963
0.824018934466876 -2.11106522588059 1.41049778838176 2.26299961383454 0.9427691318281 -0.303092710208148 0.12480935679283 -1.73495265658014 -0.432330939667299 -2.45606259518303 1.12202137450688 -0.523322395351715 -2.25155360256787 1.00038905047346 1.17904962321743 15.1247633498687
1.46328831947874 -0.467008756943978 -0.110607637120411 2.47754382080399 -1.33850764118135 0.482622616235167 1.22506691799033 -0.65970248984173 -1.36979224667419 -2.23657725752797 1.54077829923481 -0.434932375713251 -1.05349630519282 0.236430823062546 0.62046953771729 11.5316921044663
1.12572173498571 -1.48306471042335 -0.0279779389360919 1.46803728642873 2.00307745531667 -1.75931419350207 0.180166944856755 0.263625198067166 -1.26624831235502 0.41454823247157 2.2222773783328 0.181253660209477 0.160911793285050 -2.43928102402948 -0.157305298531428 7.72836413579305
-2.41162273244001 1.80703889965080 2.49285015879199 -1.56603292194195 0.559002922405489 1.68422885649372 -1.94891267737374 -0.0618047276558356 2.11471997343004 1.68113473921549 -2.01491862734780 1.80432006746065 0.264400186031126 1.48552490669303 1.95858539303299 10.8161034570517
0.340828855549917 1.15228718887083 -0.997646263963543 0.231591152753681 -2.02504008550197 -1.13342369677033 2.13292981264181 0.628945915931836 1.47619705592748 -2.18248058431316 0.553770688832738 -2.2514241541503 2.01679845507257 1.99929439526051 0.387004625070841 1.35874829681385
1.15904964524321 -0.521674633529037 -2.11286596214864 0.196091943727806 -1.10491436478216 2.19900933523197 -1.62167385966517 0.286008436405099 0.585608323565685 0.342173656350933 2.17412283621728 1.25079023976345 0.655293596736156 1.36297818093095 -2.42042590382043 17.3609523651661
1.99725512729958 0.147546061989851 2.03949248170946 -2.19496789985802 0.0715093318326399 2.3819742405694 -2.14674943692517 -2.42986240915023 -1.09801752096973 -1.38362238582224 -1.6934797766665 1.62453969934024 -2.19663349717390 -0.871520110163837 0.0236230402439834 -18.9999685451685
-1.78081888225395 -1.26243923524395 0.43854477500543 -0.164614077210426 0.208366373893805 -2.39957384238020 -2.41906106885057 -0.215877557359636 -1.73500617835671 1.75892395612784 0.345896534011700 0.406760447761044 -0.485182366231456 -0.549423794168979 -1.29647244023625 -9.84280700957445
2.15584252385888 0.339510138747282 0.485419402583502 -0.146005967771635 1.39651153204031 0.108056408646516 2.23251263448503 -1.75100057011470 1.69475152742583 1.70610552036203 -1.25175398597494 -0.500877741971053 -0.897740098442882 -1.42207510079257 1.34758959260304 2.54338203977073
1.64649025420658 -0.576109184008092 1.26154845706187 0.0230132559873164 1.79822195637040 -1.48343835080974 -1.53452598823234 2.36021501935087 -0.446833172845654 -0.369987710290589 2.0393126931414 -1.44263513606507 1.31407365842257 -1.14232275443617 2.05347602667287 13.4468991443864
1.27722961601801 -0.790930270184763 -2.39075982527342 -1.65980560909957 2.21806347425096 -1.928949313052 0.563993473304436 2.40652283581439 1.54648470086511 1.50166389872786 0.868724078461528 0.0746078321663664 0.510007476233878 -1.76608154457062 0.129285541558638 3.71316072016207
-2.03412402871531 -2.23065622594208 -1.49352686004713 2.12232781954575 -2.33744402022101 -1.71213851265609 1.72493790882174 0.193667765087448 0.0326496743597087 -0.201625058460049 1.30492377787828 0.626486058561131 1.96340027635917 -2.17905666448176 0.544628397040069 -1.98845613256486
-0.339078589752317 -1.28636037809774 1.29393297746312 1.23786090699956 0.649100431087427 0.45465915387962 -1.83112046302296 -1.10858912266325 2.34459719020873 -1.71717833008152 2.45925050001591 0.225696899020113 2.15261010740884 -2.36652411139105 -1.19600714072585 -14.0581090239325
1.24300836899783 -2.27299672925379 -0.625887274062261 -2.17125753597356 -0.00723197919782237 1.83554305059835 -1.09702836161479 2.42363873310853 1.25456723673269 -1.15392190094106 1.51756378670223 -2.44736945253331 -0.59302421411965 0.505572309130803 0.40332255078014 1.92685481908224
1.86442752815317 -0.550605240524746 -2.04786368461791 -0.743027199846693 0.401288792141713 -1.64722230837680 -2.27110659973696 -0.0802414694940672 -0.506857628067956 1.05110289914068 0.851796331256628 -1.30961642245762 -1.85059767675586 -0.740193618582562 1.4995442624297 4.86384440019694
-0.584029842545278 0.554355858708732 -2.43803776392248 0.208553764750250 -2.40137698982842 -0.132923765257001 -0.784667471656576 -0.888404244761914 0.573311553215608 -2.40936142378487 -2.30607600095216 -1.18655679818708 -2.11615369817708 -1.39567899581045 -0.222753362082876 -16.6261466333591
2.43994818103965 -1.57992649822496 -0.83499031918589 2.34237142042257 0.986134038795717 1.13770131885540 1.32298386501614 1.7200904685352 -1.51281247632578 -1.05643027986400 0.705862570856698 -1.70074331966229 2.08762762928382 -0.808305654828437 -1.48135042428505 -7.56550326678245
-1.62448384874966 1.60881129372865 -1.45530415164772 -0.555620233141817 1.68080558736343 -0.571327756186947 -1.21116488465574 1.33649250693619 1.45169824554119 1.80395421078894 1.01119232124649 -2.22059301123954 1.35270642212592 -1.17815659202170 -1.17068103399128 6.92058257692772
1.6615507138893 -0.751919925152324 -0.314905380997807 1.24184013532475 -0.339855525200255 -1.05617648534942 2.42342479109764 -0.786130949379876 1.84386894398835 -2.26196969355457 1.66509092911147 -0.950778737505898 0.0609888592362404 -1.70719130029436 -1.13266717317980 -8.61086460744955
-1.15524482163601 2.18760040752124 -2.02731321005616 0.125208933907561 -0.562489949516021 -0.230163069474511 -1.51613132111728 1.49069568167441 1.89650715727825 0.365291505185887 -2.18816998092458 -0.211356620728038 0.347746242890135 0.249683455256745 0.863532221461647 14.4895693099166
0.856919073145836 -1.42656564491335 0.0778128638537599 0.767688041701913 0.573839929942042 -0.497169785485603 0.337343904618174 -2.29168026039842 -2.25722348337993 -0.272766814725474 1.93435215665493 1.30764182550833 0.595246222987771 0.594156094170176 0.898246148726903 21.7129269369522
1.06318839830812 0.199035627488047 1.36815708539914 -0.0145115457242353 -1.45133084711153 -0.461111435121857 -1.9205514483992 -0.269068147083745 1.66143121981993 -1.27190315084998 0.250830291924067 2.33255967270583 2.31781620937400 -1.63716068562586 1.38405316478573 10.6593768598171
-0.258793372125365 -2.42461158119142 0.194411227293312 -0.527735363603570 2.28417865629774 -1.43307802306022 2.21307071019430 -2.38636890924536 -1.43290657728445 0.610619867979549 1.87564875165001 -1.37241577403154 1.08824053745251 1.39230586887337 -0.397462037657387 19.2669731370977
-0.696268988102675 -2.24434701680206 -1.23970010795165 -0.688379067671485 0.347184482831508 -0.0102046750718729 0.295656253057532 -0.919024364808574 0.907735805273988 0.927923914338462 -2.15585374489427 0.932496618037112 1.68193023268133 -0.136449016458355 1.63851475738455 13.1713620833203
-0.859798089498654 0.0147459758771582 1.49230589378625 0.598589105214923 -0.800556445214897 1.03571123789996 1.50680485737976 2.28601760827936 1.20902030577883 -0.770135366083123 1.49412891570013 -2.05290556298103 0.201974958307110 1.25096690567676 2.00551795993466 20.3801437757696
2.21277814481873 -1.60482964465395 1.00728642272763 2.16649512813427 1.29848554144148 -2.24228524217382 -0.591852013533935 0.242697047046386 -0.655018216031603 0.0447663134243337 -1.90740824490786 2.10659462513402 1.93819943832699 -2.11730975538492 -1.74079083411023 -3.11282657936880
0.618925120308995 -0.633387804655358 2.10732291179243 -1.13729178229813 -1.19210486845113 -0.794302299022674 -0.855687229912728 0.978234166470356 -0.0465540167223661 -1.06115759422537 0.999402758595533 1.04741256190464 -1.17607600098941 -2.33827051879372 -0.57028488301672 -9.13341543577171
-1.48848435387015 1.58841209200676 -2.08465803746600 -0.0677042608940974 2.13827715360560 -1.46783262494020 -0.00463746975176038 2.09255236296449 -1.44618478580844 1.60360067526344 0.76517755835317 -1.82792559941765 -0.62419836231973 1.20056557605509 0.571559880091809 -4.28848773881832
-2.45877517223358 -0.669122266289778 0.524993962445297 -1.69675553223118 -0.698179370048456 1.59833215658087 1.90146570332814 1.00009657606948 0.335583125436679 -2.06639368916396 0.155876263631507 -2.09854823482689 -0.425820753639564 -0.979857569271698 2.39157021845691 15.595708116762
-2.05473821957596 2.42989363500383 -1.78568208289798 -0.714834578195587 0.638859864873811 0.0851697151036932 1.68933230923023 0.573825617376715 -2.36116815125104 -0.558529652585275 -2.06307637587655 1.28105499560013 -0.576393835358322 0.548379772170447 -2.20571498250589 3.34897754298849
1.50535090771504 -2.30051623787265 2.44731600777246 1.14702252745163 -0.248191959615797 2.03447145868093 -2.23139669391792 0.219231945369392 1.94856436645612 -0.285792696946300 -1.98616484529339 -0.983774754954502 -2.08703414624091 -1.09746091089677 0.167372480677441 -18.1407495656179
-0.717014187155292 0.977285818047822 0.243228064919822 0.962847756473347 1.92845847826451 -1.16919060887769 1.07687039170414 -1.45849196365103 -1.52178677974269 -0.095788295236416 0.444020083914511 -0.127292804089375 2.42294163044076 2.31168189610820 1.05560502400622 -0.568185714155275
-2.12236581231002 1.24092455171049 1.73056430054829 -0.868860491421074 1.57221291867550 -0.94084925887175 -2.35880689884536 -0.634386566206813 -0.201155936424620 0.887879893197678 -0.930316209415905 2.28797496951185 -1.69904953164049 -0.0956582267256452 -2.39744650808163 -12.3417636999843
-1.23453973223455 1.40027186268475 0.713578409096226 -1.20240647392813 -2.38220722500701 -0.365552336699329 1.58169210520107 -2.32013149174862 -2.27877803848591 -1.40396385838743 -1.70090274882037 -1.3347999668587 0.371373659106903 1.30919291240629 -0.179583453335799 -10.0133866183545
-1.11725466727745 -0.429544291375205 2.19585915903561 -1.61489157667384 -0.623854046138004 1.73087408456486 -0.221070378338918 1.21212484632619 -0.376346049667336 2.36878030222841 -1.93267964252271 0.493363674706779 -1.59769249632955 -0.889563508382998 -1.58846460202243 -1.27383583309176
1.56406426802278 -0.881468953234144 1.84777795551345 -1.91578812355641 1.13659686599392 -0.831176867596805 -0.414095640974119 -0.77046924663242 0.195622320231050 2.08756384509616 -1.48239164964762 -1.39667599355802 2.26520513552707 0.439084859900177 -0.180986931314692 -10.1569867748031
0.912742597246543 1.67962655354757 1.09246619869024 0.877481400552206 2.42504791640677 0.703491199328564 0.360647250153124 -1.39502953220624 -2.15501673319843 -0.347909483704716 0.280118568381295 0.302314501819201 -0.542956803026609 -0.0712997326487672 -2.17400201866869 -5.38271990977141
0.782763044196181 0.10036106841173 1.81241713424679 -1.07792107331101 -1.29192249766551 -0.848894481663592 1.92036928919144 -1.84113048767205 -1.86071778408717 1.76783788992092 -0.737037539551966 0.839154587020166 1.14896737268660 -1.46457607646938 0.205164789552800 1.32859351796382
1.19333050393034 -1.23057664481457 0.693987278765999 -0.82759657303337 -0.482617528443225 0.798844429561869 0.955785150728188 1.14448425921146 -0.162700310954824 0.281699659288861 0.583274532323703 -1.95513134963345 -0.658113465914503 -0.614479597462341 -0.87476121806074 -1.62237776498861
-0.365713535998948 -0.973783352854662 -0.974109496474266 -0.945996375051327 1.67285425796639 -2.02880499219056 -0.202957278699614 -0.97834383112844 0.833012067372911 1.25970697401091 2.42181027459912 -0.223126852582209 1.57502369423863 1.9776640364388 1.98707101147156 9.39344103344164
-1.88089721325319 0.703819902795367 1.22823099167086 -1.84194005170371 -1.51099717611447 -1.79987834603526 1.95026403191034 0.841405310234986 -0.778338439124636 -0.222612943472341 -1.55312097792979 1.26516371296253 2.07265300722793 0.0306987889716401 0.0916871486464514 20.3354517741580
1.52263583075721 -0.64964185770601 0.809796699751169 1.72374761170708 0.447610372439958 -2.26782596696634 0.534611450275406 -0.75836894386448 0.218922710232436 0.809680515392683 1.84392564585432 1.70760345699266 -2.30519855618943 -2.08300067768898 -1.63273818465881 6.7792446065926
-2.37464490819257 0.69968441763427 -1.82557368598413 -1.50795388353057 -0.420314856655896 -2.13218610777054 -0.0881913847057145 -2.27075800363906 2.22147958235349 2.40063853007276 -1.88313776115421 0.756690284800716 2.49083106345031 0.538460002178327 2.35400164964143 -11.8797383305957
-1.00196179216728 -2.03518294462003 -1.07814208011609 0.731658159615472 0.174305511806160 1.41219533015508 1.00192575324792 -0.951932361996733 1.27613180843648 -1.35225293614436 -1.83382173004560 0.333481891318224 -0.61488054797519 -0.725034421687014 -2.4050619424833 -5.12988535688064
-0.30228343016468 -0.193975753020495 2.42351572034415 0.838428031136282 -2.30476276187692 2.20369408552535 2.24586457953323 -0.618472333215177 1.00333660207689 1.98709133865777 -1.75026507051196 1.47247451619711 -1.61805243200623 -1.28628726276103 1.25336907473858 11.3616559954957
2.28058423588984 0.200033112885430 -0.479680828801356 1.69153748960234 1.86354668220505 0.285385385472328 -0.989717752477154 2.01588863643352 -1.04399997452740 -0.638746646889485 1.96512512676883 -1.05216406279244 0.77250962080434 0.0462551623350009 0.532210996747017 17.1364965143567
0.258700573705137 -1.9462647748366 0.583361571514979 1.28158111990895 -0.262248303764499 2.43979628357571 0.75843739181757 -1.35233788152225 -0.481632533282973 0.648771224068478 0.42054421546869 -2.02501591522712 -0.195701442281715 1.83678675721399 -0.711252728141844 13.8677978300684
-0.732094802707434 -1.01888819453307 -1.62608523792122 0.0768463464453815 1.76322920299135 -0.963801151514053 -0.129025543858297 2.31824363693129 -0.960183762768283 -1.62425102408510 -0.448730622408911 -2.27376673573162 -1.97928048974834 -1.86976297467481 -1.24769194447435 -29.2193665697673
0.267165886326693 -1.89859160444699 1.50831617839169 -1.04024922770448 -1.63790970323142 -0.87440256791655 -1.81907296921592 1.88046905342489 0.97973896230571 -1.57890353858471 1.57955127210822 2.09485910004005 -1.94337041829713 -2.06013410727028 -1.71488381211646 -44.9728345520117
0.389236398371868 1.07524284067564 -0.206592376208864 -0.370281710159034 -0.140287811323069 0.0336700972868131 0.00582275347784167 1.45504343319219 -0.80067174910102 0.907775202109478 1.80965164455585 1.12642943683546 1.94821098225191 -2.04910353036597 -1.77335752481595 13.1085581798418
-2.28699304182082 -1.64459786020685 -0.263475507735275 2.42443917635828 1.88664938824251 2.10050000078510 1.64323394830804 -2.08838359304704 -0.679525845847093 0.0242972152819858 0.406055527017452 -0.687686871136539 1.50754772563465 1.34810380788986 1.53458701626398 5.63662115170931
0.432606018288061 2.12976898650173 0.946012178123929 1.93830278262962 1.82872456019744 1.5693433426274 2.35386423420161 -0.480406452184543 0.780640287012793 2.14189987215213 1.35313305681106 -1.10176818082575 -0.681694373660721 1.52302351315971 -1.98172361163888 16.9093576004901
0.0735095963720234 1.90257495282684 0.856363549055532 -1.37033969026059 1.70955526287668 1.39570315385703 -1.34942407829687 0.408193930662237 -1.63000889799092 -1.47323621958029 2.37395826280583 -0.0695454034395517 -0.136921939458698 1.05644719913602 1.92419893311802 5.84188644878995
1.09537112857681 -1.77091090418398 0.36712010926567 1.04734640564304 -2.1032009372022 1.17775796348229 -0.806501971282996 -0.388068199930713 0.155106221227906 -0.7368326344667 0.334947523870505 -2.19618395583704 -1.21479423307814 -2.01544439083431 2.03205051134806 -5.43974362049387
0.0838431415753438 1.42662022451404 -1.64405267819762 -2.28726636565290 -0.647180133187212 -1.26208660315722 0.822857312588021 0.0995365131273869 -0.470307445679791 -1.51072688177694 0.628497459245846 1.57082802533172 1.12488762378693 2.03734725213144 -0.7423470270494 2.71731390334852
-1.60176992348395 0.381441724938341 -0.011973621780053 -2.14361271925271 -0.789179293811321 -0.450959405032918 -0.373553545447066 -2.18608783808071 2.05559235470369 -1.52047097656876 0.782665550666861 2.21189772472251 0.703947814735584 -0.452332510803826 -0.780201672152616 -4.77429979984769
-0.120703485514968 -1.13718011958990 1.31242084219120 -2.44340897378046 -1.73002067782450 2.13938712524716 0.355082595651038 1.23372060129885 -2.17779740825295 1.62208143660333 -2.40157566582318 2.13274225313216 1.27327425228432 1.41032791689038 -2.25803910286631 9.63935407923647
1.04811084831133 -0.832391823851504 -1.28043467943557 1.34750164011959 -1.67557448735926 2.01067203835584 -0.451532295658253 1.52272019248921 1.70626645632088 -0.619783872007392 2.18140568865463 -0.184398357323371 1.40660560884047 1.22502510485705 1.79806444609538 17.7288748667848
0.583206378878094 -0.946301770643331 1.06946973565035 -0.784451338709332 1.36777377657127 -0.517677570083179 0.967254857332446 -0.551871168911457 1.74966258223168 2.16454780286178 -1.04403623482678 -1.02391773313284 -0.297398657421581 -1.7288534971606 2.19138063821476 8.3567962188452
1.36961265689693 -0.812597265169024 -2.19143311693333 -1.89599822232034 0.00747203190345314 -0.184699763045646 0.888981153364293 -2.3497969334526 -1.74069151580799 0.668243979881518 0.476578313191421 0.179351451988332 0.49530560537707 0.643126268782653 -1.34920322045218 7.5572453519713
-1.13271126465872 0.439887425694614 0.383605571980588 -2.41236927935388 -1.80313058980741 -1.9741466020979 0.462629241663963 0.166340422928333 -0.684745846046135 -1.83606449548621 -2.1082234441163 -0.387421740931459 -0.0480210628267379 2.20285824393388 0.466620852998458 3.32042691847204
-0.98052630443126 0.757270714817569 1.11967312912457 0.980582431899384 -0.130989191844128 -0.616137203774415 -0.181841510874219 -2.31640750480816 -1.84488074919209 -1.65876673309132 -1.81993449845351 -0.915539938299917 1.62575330095831 0.847855513244867 -1.21316058716271 -15.1580443416188
1.89658796569798 1.21946734113619 -1.58735256646760 -1.35820675162599 1.96313315324020 -0.354444590318017 1.05401410547551 -1.37195475780405 -0.0108353639068079 -0.975880482820794 -2.42656088933349 1.58075950605795 -0.204044083477929 0.169599788575433 -0.456104288119823 -7.78098252743841
-0.0509029151545839 0.90691033963114 -0.596726379771717 1.56345590987708 -1.17277408987284 -1.36331033383030 -0.93120374889113 -1.87477395446505 -1.94232920303941 -2.05745111031458 2.29301254026126 0.945405382751487 1.79192501434591 0.330751873254776 0.667299867123365 10.2344828842212
1.58700145475101 -2.14135820191354 -0.400494172382168 1.18202181715518 1.11588678429369 -1.44951541118789 1.74283301875461 1.02185065473896 -0.587646966930479 -1.79389618602581 -0.141031677136198 1.82364488969091 -1.45117683712859 -1.79210147757083 -0.0602192825870587 -2.70893519537766
1.28415634645615 2.16760176837444 2.20919717578217 -0.857369055575691 -1.14470315675251 -0.659265287029557 -1.88517840269953 -2.13436488841195 2.24369313427713 -0.505172088700347 0.560787282804958 -0.76688960456755 0.677191425859928 -2.39980462016538 -0.128699948531575 6.82186956003322
2.00953112681862 -2.13872798682190 2.24163068807684 -1.15701319429558 1.01350186201278 -0.0479206551797686 0.482544980845414 -0.313575497064739 -0.523653457886539 2.02381673382595 1.76267646338791 -0.73434686628636 1.05916433124803 -1.13108022970147 -1.02368548554834 7.81306854916087
-0.940233426121995 -1.47752802435774 -0.151040703761391 -1.43067713706754 2.36993078202475 2.17295615554321 -1.77637479058001 1.54539826802909 0.227096540913917 -1.23436105198227 -0.69912033653818 1.16454827450681 -2.46450407593511 -2.19220335095190 -2.27548975916579 -10.7866691355034
1.75942729420029 1.63700103077572 0.750615781261585 0.63029918749351 2.26430932627991 -2.01313307192642 -0.428948573605157 0.682425685729831 -2.03450625884812 -1.54868680506479 1.36243435984012 0.518639963106252 0.694096035994589 -1.26175345035736 1.60854761398397 15.6643815464651
0.478116383613088 -1.67709951497149 -0.420997840794735 1.40190883549862 -0.997618126119487 0.00949837296735456 -2.05878280496225 0.223145436956547 0.766314205476083 1.8925035880832 -2.23706058662850 -1.92844091800507 -2.02978819564916 1.26060565335210 1.50436052354053 -4.0158184841258
-0.0142304861219600 -2.40794271762017 -0.849005170278251 0.508937563435174 -1.76204206194263 2.24323178068735 0.264586531333626 1.07368421477266 1.14703740058467 -0.178632844593376 1.19691807828378 -1.74381616052706 -2.26774996188469 1.697142575006 1.27803320916835 7.20865330251971
-1.66340108365752 2.0358126902394 -1.04589799628127 2.29617508446798 0.533918377789669 -1.23957050686236 -1.49276250374503 1.659823836172 -0.109330784850754 -2.34743333869614 -1.33619600289501 0.462016065847128 -0.538790364004671 0.44725681474898 -1.95322078888305 13.0779441522690
2.05897088134196 0.621607269258239 1.60106628175359 -1.29002601016313 0.779921768284403 -0.0246803526673469 1.63881075049285 -0.701911710905843 -2.38746454598848 1.26003110004123 -2.21438333955128 2.0416568259662 0.947995214099064 -1.61879029683303 1.18772100782022 -13.0473240440173
2.48963210412301 0.44048895355314 -2.00750078219920 -2.07347082057502 2.33454755284358 -1.01039570440073 -0.47775606227573 1.99491293232422 0.402784524224699 0.547189905764535 1.14149406663608 0.57636771265883 2.22952857906464 -0.782180802463554 -0.945762728499249 9.06416809295092
1.30169554355089 -1.18386274754535 -2.22430406083353 1.26300141674466 0.866030632634647 0.534424848849886 1.36136295239441 -1.30709323280491 2.45026064884383 -2.13429640739225 1.71031741019804 1.92239134281874 -2.34116701430175 -0.993709849533625 2.36472911952529 12.4397059409044
-1.74006472412497 -0.92201955252327 -1.69351530911867 -1.31680953733157 -1.71928612784948 0.30827958854381 -1.40293848926667 0.957079676496797 -2.13384440693539 0.498893759497441 2.00839736188762 2.49937856350094 2.39367430252489 -1.01173075498547 -1.80407958507072 4.30051271630843
-0.766814335510135 1.49641509440262 1.34312428616919 1.00070732886903 -0.777370038409717 1.79715437369421 1.81343452995643 2.33431515915319 -0.835941171348095 -1.01507951872889 -0.297003011615015 0.106805526865647 0.869679912701249 1.03668489603791 -1.04987799371593 24.8578186819632
-1.21642635141965 1.10666126838885 1.97634674275294 -0.200733487606048 -2.34724149140995 -1.89238657257985 -0.161768480059691 1.50581803255714 -1.14045910208952 2.34960800539702 1.62920417759567 0.374510539378971 -1.33171318347566 2.44164636382367 0.505769030922092 1.87187060282527
-0.156243474408984 -1.03358355366625 2.39422784898896 1.03147408915684 0.180100257438607 -1.38259613936767 -1.29546665354632 0.421432061344385 -1.79785875141621 -0.480899764862843 1.47254016257823 0.136476711630821 -0.0781609318777918 2.06660426435992 0.793490780647844 7.1577268108458
2.35976310003083 -1.25760559335817 -0.371658037798480 0.266859060674905 -2.08854985154700 0.148386927959509 0.165960109233856 -2.23755147703458 -1.61550726572517 0.727040600022301 0.279238761579617 -1.52894523189869 -2.42910529835150 2.17094057318289 -0.320498607335612 6.4339748538046
-0.925988854509778 -0.402870498346165 -1.81549689960666 -1.27098073692992 -0.238322610063478 1.46319622406270 -0.608333627781831 -0.524471172364429 1.56428292952944 -0.197101656254381 1.79913263882045 1.03647047540639 -2.05196806842461 1.18953660038300 1.56780745665543 13.0066770567748
-1.72539372996893 1.89001444505993 1.39317511229776 -1.71021445393562 -1.52964410601649 2.14972329732031 0.60244661851786 -1.97822936789133 2.32144845693372 -0.800686774826609 0.366229588477872 -1.97842932472471 -0.109239440043457 -0.242900187973864 -0.378542576096952 5.35652482325825
-0.461313832183369 -0.0778501089382915 1.78456392703112 2.25520792542491 0.683792771520093 -0.206334745516069 2.48724239022937 -1.71421890248079 0.60897686522454 2.27973108293954 -0.968253249386326 -2.33221422344446 -1.36477985168342 -1.25643434580881 1.00231157595757 -3.98680999072479
0.931313711544499 0.316382148228586 2.30064463679213 0.282885125223547 0.909071558960713 1.42678516049404 -2.38594048571307 1.17084600510541 -1.68657427379861 -1.37878650682513 -1.22505034103990 2.31045553879347 -1.7600118984282 -1.48461880275980 1.31252245774958 -6.38454158557019
0.287069926131517 1.96800279349554 1.71741925385315 1.85732742929365 -2.26144738025963 1.31897597116884 1.17906170491595 1.24348914538510 2.19571143588982 -1.60059054570273 -0.553423596913926 -2.47905384792015 1.90201863695402 -0.703648406779394 -0.539546827110462 6.98834446065526
0.687603848911822 2.27783600701019 2.29314770626836 1.32850129325408 -1.54178025190718 0.988740583127364 0.414858613368124 -0.722151786447503 2.15815944672562 0.996803792356513 -1.60731699019205 -2.21639174000826 0.834986661667936 2.38657124206424 1.08643352563027 12.8207021031605
-1.39334789495450 2.20586094662081 0.881492936387658 0.604867178290151 -0.176713160867803 -1.80600286357105 1.26700627993792 1.69509703162592 -1.96419152085669 -0.740309360888787 -1.10414012092166 2.1886834713351 2.03975716101937 2.42357746944763 -0.0846371391648426 19.8244229522864
-0.743736877646297 1.36994433549233 0.0447844458464535 -0.422621305715293 1.24606751007959 0.136797326048836 2.00599117262755 -0.340788022587076 -0.148925289656035 -0.00870367247145598 -0.470247010351159 0.813976695998572 -1.39204935132992 0.0815958211803807 -1.78615817334503 6.85473822031299
-0.347211002875119 -0.508167129820213 0.454317200202495 2.06922562785912 1.07139291466679 -1.53016574542504 -0.274805049235001 0.5511194827687 1.40917048305739 2.25549440004863 0.723423553761095 -2.34580847958103 -1.43105444395449 -1.03939289568923 2.21383951703087 -3.82864852431823
1.84771217689849 1.23707147476263 -0.915059847747907 0.952625217973255 -0.470046604638919 -0.168666803645901 -1.72919953600038 0.0478488516388458 -1.92753354259767 -0.702398086693138 -0.645202644593082 -0.972679758458398 -2.33564379822928 -2.23013087954372 0.106129278182052 -15.3466674968507
-1.02057374119293 1.8780016604485 -1.87449089472648 -0.895734991086647 2.31262786159292 1.61662899829447 0.716610422129742 1.75684228489641 -1.06633097706828 -0.64441677362658 1.91802483146544 0.736991992751137 0.933494244897738 1.46533515174873 2.28675648109056 8.01515871761449
0.518815087941475 -1.97992811260279 -0.792315971055068 0.64511579935439 0.15663717513904 1.2925464572059 0.559985592323355 -1.06790751619265 2.46002100276761 -0.906961432374082 -0.435106376470066 0.0518198161851613 -2.39844302305486 -0.341080164131708 -2.37050062010996 0.725889607851655
-0.524409132110886 2.01645685683936 -1.96526587072294 2.19426166793331 2.16118923673406 0.544777969857678 -1.03411120963283 -1.89933816306293 -0.0627393514849244 -2.01020014471374 2.14739087692928 -0.0110201123356819 -1.23112347167451 0.991483512283303 0.482787721883506 6.85913786879606
1.55043111901265 -0.274177697049454 -0.86823004080914 1.96453598294407 1.58511303054634 -2.18319639340974 -2.13491879580542 -2.3710775776580 1.61756252617110 -2.46538547648583 -2.37428636194207 -0.159538613581099 -2.0148930274928 -0.532874281662516 1.75999482802115 -0.422720362741913
2.07419624770992 1.69014933986589 1.87451554605272 1.20182371802628 1.7454573142156 1.07713655435480 -0.295322965537198 -1.62083735117223 0.896550231361762 0.763918222319335 0.903160490039736 2.25566945412662 -1.98830516196322 1.71641853857785 -1.8844266290823 24.9939665905617
1.42226296783425 1.47752154320944 -1.92006193096284 2.40195053778589 -0.306840797569603 2.22071087031625 -0.748726892466657 1.41541478378698 1.92316193326376 0.637045156736859 -0.903173652542755 -1.24551077649929 -0.271520720906556 -1.23430657132063 2.24328255051747 0.700821130257645
0.755206362647005 -0.289003634965047 -1.91057032327633 -0.264984968337231 -2.36576577816159 -0.882792663625442 -1.39537594547961 1.61626716594212 0.112255406677723 -1.3100847168779 -1.29991138367914 0.895247651296668 0.600249349409714 -2.12549686004408 -1.38760819192044 -4.92213296541962
0.650076399282553 -0.453319828663953 1.59551010814961 -2.02118050680961 0.305015019201674 -2.33025393067859 -1.19037277697586 -0.844780601444654 1.81946698737331 -2.02630045886151 1.23265830494463 -0.926767467488535 0.0295140354288743 -0.195901832599193 0.155558213386684 -1.18042475000568
-0.566904781544581 -0.69153401079122 0.878671865048819 -0.0875322945509103 -1.88922111660242 1.80786625908222 0.513963310774415 0.399392359508202 2.02344861086924 1.34795418111607 -0.672517762035131 -0.467182654645294 1.17563564779703 0.714242025567219 -0.268826603931375 15.2190436820835
1.90421930115204 -1.33684498541523 1.24260970864445 -0.730145922647789 -1.85908671228681 -1.21104697908740 1.79295906177256 0.838466660524718 -1.64449041439220 0.575728066405282 -1.03753876261413 -0.310908844973892 0.57995904293377 -1.06267057329882 2.30948262828402 9.81557247631078
0.0149173115892336 -1.06680799668189 1.21238073222805 2.23779227021150 -0.529556203857064 1.90483760405797 0.209559140093625 2.13895981592592 0.999396228282712 1.93104282463435 0.181728971833363 -1.55895648972131 2.47050257880241 -2.26386912214104 1.22276999240741 8.57192007291726
1.17492666728795 1.33428073109128 1.77000454249792 1.45795171240810 1.51487147981767 2.41805828705896 -1.70014762355480 -1.40115084300749 -1.41484760827851 -1.92694893760607 -1.26501088474877 -1.41268078358378 0.285363150266931 1.33720958912279 -0.68460209030658 -11.7228935505937
-0.621160442153923 -1.54022054105066 -0.443031701166183 -2.33219185850117 -2.29137623100076 -2.22990583552979 -0.0587430943176153 -0.663440780909732 -2.30654416291974 1.3378056673659 1.06268231825903 0.522800603904761 2.36030960707925 -1.31502769798972 -1.00576665792614 6.60553982489793
-1.918686223072 -1.36881979784928 2.17123891417403 -1.82301370851696 -1.47283804983366 1.92072928203735 0.255263042650186 1.05121550668031 -2.20050212452188 2.38904676262289 0.756571535407565 -2.01970986333676 -1.46122146053240 -0.370996066504158 -0.473963368264958 -0.420580547807134
-2.17498278540093 0.0205950635252523 1.94637155562174 -2.22817273712251 -2.21189924082253 -2.14302971902303 -1.87496252972167 2.45596053496003 0.457746395487338 0.073091890080832 0.806323750535958 0.380619986294769 -0.912110875053331 -1.50588119894732 2.42036575991195 4.22725757352357
-1.93104580854066 -0.106716026086360 1.54637696341146 -0.56731046712026 -0.741256061811 2.09702026511077 -2.16796680597588 -0.0552123315120117 0.685486910403706 1.47824765766505 -0.0453921437356621 -1.77987881015521 0.0890977550810201 0.635616458468139 0.642645917772315 10.4200029201710
-0.506719865431078 0.0551824745349587 -1.33857794470154 -2.10574233199470 1.42569357658736 -1.35373470219318 1.61576875909697 -1.17248103489168 1.50828297907487 1.85623335115612 -1.40862203650177 1.32150244653691 1.20342035609297 1.67576463065576 1.66960249986034 -1.78561362826443
2.12943099635187 0.248538239626214 -2.20122191964183 -1.63985057198443 -1.56044046669267 1.95934379953891 0.682256137700751 -1.29005407561082 0.800611268891953 -1.11770206425805 -0.0100267184665426 -1.06073535344563 -0.8539516695356 -1.64362880385946 -0.105599922561087 -7.80731122824631
1.78151444541290 2.14550811469089 1.98920094302390 1.91287154363003 -2.05941022994462 0.843440678771585 0.0869760816637428 -1.94075179833453 1.38351693614386 -1.76747291560285 -1.17237806924153 -0.262665329887532 -0.821417954843491 -1.53686095728539 1.03257574122865 4.79049487573135
-1.76397987245582 0.566993433297612 1.03810987371486 -0.815595383327454 1.85333387445193 2.48675735732075 1.87822562884539 1.86945485329256 -1.21459961718880 -2.38784540103748 1.16620530192275 2.27959589799866 -1.92006174484733 -0.94409950722009 0.0770467021735382 -4.35000218030352
-0.296142723173834 -1.58075549464207 -1.30941044069361 2.14139656181447 -0.708801448340528 0.934119996088557 -1.57494046516716 -1.3201858679438 -1.66715484164655 2.43322300261818 0.0681055155722428 -1.22428521129768 -0.7794680593675 -2.25523947510403 1.37688668615185 -8.0908458444279
2.22472487182822 2.28663674418814 1.52139526112936 1.79511735743377 -1.40870554456953 0.947349741244689 -0.972849561604671 -2.10912949477788 0.0688639384927225 2.48169822638389 -0.363906649197452 0.245179787827656 -2.22658158170991 2.47769478406757 1.72371314953081 5.11746721284155
1.76748184259981 0.822503219083883 -0.346891636541113 -0.456514703570865 0.0223268726188692 0.905447122026235 -1.06496737708803 2.21924231058918 0.484263642826118 -2.20185324373655 -2.38180482165422 -2.42956614214461 -1.31013497776352 0.205220612194389 -1.31064704988617 -9.62097840623706
2.45618313744664 0.659719353993423 -1.54217213190161 -1.10093181333970 1.32987719849218 0.256828668462112 -1.36247698621359 2.4645850668801 -1.03721011068672 0.689908036692068 1.94014132285956 1.97529733490664 1.54101047850214 -2.02909757918678 0.993083583582193 22.6138316262997
1.71692028119229 -0.258821223825216 -1.75160969541874 -0.257820902247913 1.46889855895191 2.07117384105921 0.646632103957236 -0.152773251202889 -1.35760583488736 1.14208476074971 0.162983528822660 0.995609590495005 -1.65557398799341 0.383457955941558 -0.0464282043976709 8.1256541616753
1.63368795990944 -0.612147636548616 0.731123327626847 0.451598712773993 -0.877990409694612 -2.4259198474139 -0.691948160738684 1.36561485176906 -2.10990960758179 -1.33856480644550 -2.47944287281018 -1.43677465945482 -0.662423170749098 0.611298947790638 2.10115724152420 -6.29192781229384
-0.410570261548273 -2.39896057519596 1.64179937618785 -0.963808679115027 -1.01307852626313 0.62239673151169 -0.64889616934117 -0.815369579251856 -1.22981354316231 0.966174933942966 -1.85304100539535 1.49693363079336 0.182483042692765 -0.632412588470616 2.13322978368029 13.7345017771235
0.335988090983592 -0.379215848068707 -1.02008944730274 0.477981044538319 0.241642945921048 -1.28357325847261 -0.144009226127528 2.04069397602230 -0.0996077402820812 0.956975026982836 1.58520844832063 -2.06804407836869 -1.35888386899605 2.40227422043216 0.235362055450678 -0.077261582731623
-0.0745340868365019 -1.05085608859081 0.273883919669315 1.86319198256358 1.62883890737779 -1.51176432979759 -2.00603881656192 -1.04415924589150 -1.49599597902037 1.40218430039473 1.33800222628284 -0.670419003362767 1.06484372164123 1.79416926041711 -1.82515133148059 -0.0722506509364913
-2.14675209259614 -2.21908246963285 -2.27706782644149 1.66362015671562 1.52347650078591 -0.691155147571117 -0.734562539337203 1.46551879867911 -2.43604471870698 -0.0311537884967401 1.25930150744040 0.798434704435058 0.73714480180759 1.89529364458285 0.709726753151044 17.9685981256165
0.55081983438693 2.40604447404854 -0.889133471194655 -0.350956512382254 -0.0569353187270463 1.77121789344121 1.43394516119733 -1.90888456532732 1.630614211387 -0.792053904798813 0.102009428730235 1.60609964751173 0.96049157564994 -2.44249465879519 -1.07870579765644 -0.382404175247919
1.48007136421278 1.79102165472228 -1.38115758778527 -0.508344703014009 1.65061326602940 1.49375627456233 0.762565800263546 0.656403348282911 0.120234047030099 -2.14179461731575 2.05553554805927 -1.20914005059283 0.991464457558468 -1.54518865499645 -0.434699903754518 3.79687788181203
1.35399519268889 2.07740849866066 -1.60488709139172 -0.3215035992302 2.45811865290161 2.36300893796608 0.14348502012901 -1.50177944577299 0.740394059754908 -0.129343814067543 0.958460598490201 1.75224198116455 0.91892528376542 1.06089459556155 -2.1411409938382 16.2087603220768
1.00825892034452 -1.75827818877995 0.106662027961574 -0.287293798997998 -2.15016870246269 0.345408937064931 -1.59320641619153 0.323000348745845 1.53480049593840 -0.94106052285526 -0.0679137387964874 0.261203258503229 -1.26798625365831 1.55150854961015 0.373048783512786 5.45592108138053
2.47192736033816 -1.14952386778314 -0.539206361290999 -2.09336807787418 -1.65456445450895 -1.61609113913961 0.116772720678710 2.16807712431066 -0.70657154835295 -2.30546894108877 2.10116805437952 -1.99946296010166 -1.00274810854811 2.48678665609099 -0.51257324770093 -11.2927570138476
-0.222838292340748 -0.0272760777641086 0.566486878814176 -1.67666467724368 0.106763005512767 0.0751772766001526 2.37847564953845 -1.23885488783009 -2.33468471589033 0.587341916300356 -1.46568998175673 1.72718647261616 1.37635799706914 -0.406959920711815 -1.40906689500902 -3.51814220966013
-1.28782652594615 -1.9023920505587 1.63885573996697 -0.763399221096188 -0.838880976219661 -2.35029329961166 -1.84141522431280 -0.111576891690493 1.42200444188900 0.86066934125498 2.27776327219326 -1.62605301690754 2.44448472580407 0.921288470551371 -1.10303369346540 -17.0897724329327
-0.542269591288641 1.92963207155932 1.14654699502978 -0.319835703372955 1.99139426105656 -2.21487632120028 1.39541013773996 -0.193299208609387 2.38028109318577 1.58919363911264 1.64945360007696 0.772126479214057 -0.417875433131121 -1.33936114189681 -1.3213648552401 14.7033354660025
-2.24983914750628 -2.36387674328405 1.67044642614201 -1.01243406211026 0.619452884020284 0.462372843744233 0.231726494329050 1.09613834311254 1.33574905195273 0.836979701849632 -1.19717188789975 2.40393269203138 2.12277255368419 0.730989919500425 -1.57998727377038 13.9954729097739
1.45039755256847 0.174885509042069 0.614639501264319 -1.59629464781377 -0.617027311427519 0.582792792078108 1.83372025103774 0.755261152274906 0.939006892456673 0.220416700798087 -0.404345046626404 0.589959567235783 -0.310569888502359 2.35851951982360 2.26806825045031 17.2768074133116
-0.194013186320662 -0.85373383179307 0.0911803740961474 -0.391193395834416 -1.13524242145941 -0.672480154610239 -0.885542729017325 -1.92718615702819 1.49007547845133 0.848106061476282 -2.45851319048554 -1.17069422300439 -0.0937641287827864 0.940905282367021 0.000937362806871622 -4.85395472174375
-2.35538615594618 -0.239336906420067 -0.610151280281134 -1.97254221640062 -1.27651612390298 -1.18791177065112 -1.54319711208809 -0.506419150247239 -0.753684314666316 -2.24126944012009 0.672515427153558 -1.26980611537583 0.806968955933116 -2.29405008187983 0.940289868600667 5.76155955877396
1.82980998070445 -0.207301017227583 -0.0493899981817232 2.09219778476283 -1.04876206774265 2.35233739170712 -2.44656865697354 -2.20378947341815 -1.77351909507532 0.339590943846852 -0.304895554208197 0.871829906762577 -1.91246958718169 0.301455916827544 0.728670191648416 -3.24255034927877
-0.496870717001147 -1.08108936240431 1.74391712268814 1.13062901568599 -0.960233894023113 0.897004946079105 -0.86092832843773 -2.06249102965929 1.34077218853869 0.301995644946583 -2.24114985580556 0.54153604246676 0.0504874028172342 -0.661732006459497 -2.31023435832933 -8.42738357634302
2.32377233145758 1.17059159725904 -0.296017460045404 -1.80455229796004 2.46968006717041 0.222327198139392 -2.30485785986297 -2.45333217944019 2.48651072897483 2.12894810739905 0.0246542074438185 2.35451906226575 0.150927993073128 1.61741200136486 2.16823251130525 -0.503592975671108
-1.44203526705503 0.955468997866847 0.966654043905437 -2.31149143473245 0.434282096228562 1.85924394339789 -2.46405808151234 -1.81392638141755 0.262642143848352 1.17732935713604 -0.78624450978823 -1.69312284374610 -0.146006104182452 1.62940142232925 1.58406697332859 -1.07854698572313
-0.619941389081069 -0.0936182126030327 1.19426316560712 -2.27022633122746 -2.12732633371837 -1.87547062133439 1.15121895626187 1.71005681118928 -2.40369397866074 -1.58689583562315 2.48745361866429 -1.34855401746463 1.46030608357396 -2.21547233365010 -1.69653077058028 -10.1805516237832
0.71900785732083 0.778932096720673 1.68375517211389 -2.39547406230588 1.91776054116897 1.33595221447758 1.84090728639625 1.81393396038562 2.43338877005968 1.37916400729679 0.0954690034175294 -0.369080806034617 0.398329963078722 0.753192246742547 -2.33910285979044 10.9149637031996
0.0363967072870581 0.503976376750506 1.45417228274047 -1.74568587648217 -1.38352733563166 -0.242886119778268 1.10236771269236 -0.178575269542635 -2.28192919994704 -0.99094709685538 2.47005407729652 2.1761627408443 -0.374514353387058 -1.21983986462001 -0.594018475301564 -5.44723304401658
-1.24093739505857 -0.356970747550950 -1.67494901146274 0.901726664341986 -2.19476306705736 0.0522607405530291 2.31758548107464 0.474409880922176 0.172983284587972 0.103342441534624 1.41196564560756 1.66397257379722 1.71071102908347 -0.921475898399949 2.49832464036532 12.0736519219595
1.81074263172224 1.77787314162590 0.407084710979834 0.803980848276988 -0.942071116562001 -1.99285090915859 1.40078418887686 2.24445059080608 0.0156872388953344 -1.25335351024754 0.89306940337643 1.20843908458482 1.33230195282493 -0.916343393493444 1.42919057953171 32.2304487511397
-1.31850455265027 -1.85005626030732 -1.34332431836985 -0.0239222301589326 -1.93067509666085 1.10741249782033 -1.16671460578218 1.39728987268638 0.438305059927516 1.28386282426305 0.204683698327281 1.09330282534473 -1.07559205992147 -1.35584726687521 -0.544013323681429 -0.271133241782499
-1.47587042952888 2.47221389636397 0.300541839390061 1.16600542175584 -0.90254675601609 -0.154021299602464 1.19390255240724 -1.59837084275670 1.87399077733513 -1.88232434639242 -0.866523967590183 0.844471276518889 1.39861175074708 -0.0268083605496212 -1.86743796705734 0.338091261136775
0.968937657251954 2.24491513621528 -0.734974317732267 2.01967131189536 -2.22171598714776 -1.56509223536123 -1.14410410504788 -2.05816532076336 0.461523363236338 -1.94578092497308 -0.228289107992314 2.43390407897998 -0.390791358659044 1.42474135368131 -2.01510543503333 13.2857160525896
-0.641073529301211 -0.129399033463560 1.57919870457146 0.481662337370217 2.08160471278243 2.29092469479889 0.0238594942493364 2.03102065974381 -0.407643402232789 0.455003133746795 0.920948366252706 -0.876276344079524 -1.14680173316039 -0.337234672000632 2.22129774211906 2.02919963044836
-1.34868207960390 1.57400311968755 -0.64277757531032 1.11504823815078 -0.203976742671803 -1.68161326998845 1.35399436303414 1.31930968441535 -0.936984554380178 -1.84422586851288 -1.97434080052655 1.22630372912157 0.752195067135617 -1.05002985398751 -0.406526306690648 7.80830336927054
-2.26377093836665 0.797492267894558 -1.42958353021648 -1.47531080638524 1.72417413877789 -1.54141966956202 -1.67652235405520 1.29957344849594 1.16429922665469 -1.67810962308198 0.489696415923536 0.660175416436978 -0.00782532032579208 0.565741817639209 -1.45695600456093 3.80231484588914
2.17914771670941 -1.44083837263286 2.47589054571465 -1.53045537449885 -1.59489628650714 -1.32228190456517 -1.32631332708988 -0.826255737170577 2.16195113957860 0.795445011565461 -0.821995584834367 2.37945529152174 1.88377436173148 0.10186173517257 -1.72773099437356 -22.5044699365631
0.239183273310773 -1.68492398041766 -1.17415225558914 -1.23330734291580 0.740416217735037 -1.06931599413976 -1.10380737716332 0.925500510414131 -1.24970188915264 0.756835842235014 -0.171553627690300 -0.803099771896377 0.470198214929551 -0.823800415736623 0.263633078108541 9.86086808218
2.08533500190824 -1.78036582191009 -1.84574526659213 1.82419590103906 0.229033903069794 0.72965699153021 -0.639901222060435 2.23517208577134 2.06700151909608 1.21066768777091 1.89872954270337 1.87179930775426 -0.752278701490723 2.27787146925926 -0.727275242405012 14.5887329582796
1.03928546592593 -1.40359287331812 0.348659027335234 0.744605630403385 0.2627711190423 -2.09575027806219 0.385755856460892 0.150674636084586 -1.10060834102333 1.52859192310832 1.75035388038028 -0.826817171648145 0.129022943172604 -2.35140935838688 -0.299717434318736 5.01617942487721
-1.5045010467479 -0.778855605125427 1.04466676827054 0.147440880355425 1.55672824062407 1.04419408667367 -0.027602472207509 -0.925697035202757 -2.44821960886009 0.00213324924465219 -2.34227254928090 0.704928533434868 -0.323331368230283 -1.59488242451567 -0.901502034235746 -7.05720128399206
-2.38612869977020 -1.35833911940921 -0.558809669986367 -2.21732166452333 2.40319479354192 -0.587188139413483 0.319580190768465 -0.570398914618418 -1.71383493050933 0.466581927225925 1.02109883502126 -1.8845493781846 -0.958387306970544 -0.271251500085928 -1.54677964585833 0.69166692130969
1.39060871267691 1.99203839461319 -1.94013193194289 1.38261848263908 -0.098817021837458 0.366764055071398 -0.497929627113044 -1.55449628976174 1.58210938015021 -0.331430693594739 -1.73616670790594 -1.67166660332587 0.455778593877331 0.863728019306436 1.8167836893443 -6.88091517632554
1.11696601229254 -2.01444115379360 1.82209961625747 0.0183348524710163 2.19540219155140 -0.105425789887085 0.734491520291194 0.304873754018918 -0.725561174289323 -0.313321788646281 -1.35788946511224 -1.12298920650501 1.24067354464438 1.15364264619537 2.46032786771189 10.2022389042561
1.96464451531880 -1.73792142539751 -0.751913374741562 -1.78638220824301 2.39294363937341 2.33882106746081 1.24243737464771 -1.08934515381698 1.13663777011447 -0.0696224867226554 -0.122662434517406 -1.60262045040727 2.04342016255483 1.65330584070645 -0.820225032577291 6.84937534995348
0.418837261688896 0.282178542539477 1.91061174039263 0.857267508315854 -1.83730975397397 -0.727896536281333 2.15878983386792 -1.56196126698516 -0.238220144752413 0.213412160566077 1.42293112999760 1.51723005558830 -0.721984774121083 0.142727547055110 -0.805873176180758 16.5202767433421
0.161226707086898 -2.04148689300753 -0.485852420269512 0.696166908266023 0.858671344178728 2.04162657325156 2.39414772870485 -0.0293543980596587 -1.01049592110794 -0.662413550009951 -1.76722983494401 0.298734008711763 -0.442178837852553 -0.0506858969992026 -0.258514715954661 4.07365380254826
-1.85226888853591 1.04816452053376 0.478715312248096 -1.72593313382007 0.0994414060469717 -1.31921261308249 1.54581092450302 -1.13761309033725 -0.564331421391107 -1.19006018905435 0.392871547760442 -0.636956548439339 0.251898118969984 0.919433228839189 1.70802044578828 13.2373584923602
-2.30208310668822 1.38240209810901 2.12303502079565 -1.33549226477742 0.515108898035251 1.23401293415111 2.41154426816851 -0.00933724957518267 -1.28894610317890 1.10870929047465 1.28299329918344 -2.1365779399639 1.81715179402381 -1.83716470557265 1.14094120668247 23.2855848300622
2.27752823282033 2.36827400256880 0.629355063820258 -0.932082785698585 2.03999115601648 1.75909210810438 -1.24009916373529 1.91082784439903 -1.12598520047031 1.82355543305166 -2.33426441249903 2.46494067069609 1.83121778958477 -0.433599649569951 -1.61627986351959 -2.20428112292150
-2.20310579076875 -0.148923627054319 -1.52010399367660 0.327274557710625 0.889214382362552 0.409996175924316 -0.824072163901292 -1.61654544068966 0.081135780541226 -0.589263401036151 -1.43091285191476 1.43336930825375 -1.10637385386042 2.10261745133437 -2.04457648246549 12.1108648357173
2.24227151887026 1.09065697291866 1.92177281746641 0.56426288341172 0.675656033274717 -0.982239277800545 1.52163809858728 1.78638018594589 -0.243289984720759 1.08144890756812 2.30857589238323 0.158854643921368 1.22207466326654 -0.224819426923059 1.13647229291033 34.2314484412664
0.806281282538548 0.844070601956919 -0.763135950318538 -2.34825131028425 -1.49144345222041 -0.265720181008801 -0.113435946968384 1.66701255836990 1.07675629887264 -0.401574238608591 -2.08799667837564 1.19673137726728 -1.71798750267830 -1.37577239586506 -2.23315868161153 -13.8544852738385
-1.09888797926251 0.983593496037647 -1.40490700061433 -2.13755035929382 -0.848555119642988 0.421441929782741 -0.707782863690518 0.0798851406108585 -2.46575575761031 1.38842557150405 1.52856801565737 -1.58668522995897 -2.17952034610789 -2.47154513621703 -1.93195562480483 -25.8742727944619
0.524309441647492 1.65340421681292 -1.98278642135672 2.30743008079007 1.31541613841429 0.176168989851139 -2.20876727178227 -1.43281714032404 -0.0295994011126459 -1.99323952005710 -1.21501920196228 1.40334338149056 1.73223375551868 1.11302560087293 -0.315028198226355 8.06434725634199
0.895339900297113 0.867704335069284 -0.707628353722394 -0.047802819614299 1.18751775149722 1.19120175132062 0.926904379385523 0.87424644339364 -0.861834877743386 -2.11051158326678 0.82023378435988 0.206923110629432 0.888068953249603 1.87492374748923 0.813313107769936 21.8347669681996
-1.52898188695312 -2.47891159800813 -0.0781873430544513 -1.41724899786524 2.06675190570299 -0.74594875113573 0.5940864137467 0.119351544431411 0.629718385753222 2.06633157653734 0.697908224500716 -0.173465501354076 1.60423435901292 2.01610552316066 1.91431254809257 21.4355958449073
2.02043804765679 1.55395629290026 1.88742324829102 1.53934724362101 -0.0678788222884759 -2.16409957238007 2.4727354383748 -1.49798752585892 -1.32126121358946 -0.147276648832485 0.657560392431915 -1.78504913097247 -1.83214489355683 -1.98013624765445 -0.969246642459184 -11.4839786088898
-1.16075698389206 -2.28300710059702 -1.50577308840584 1.99026397680398 -0.669519692682661 0.643190560885705 -1.98813251632731 -2.14123038667720 -0.781002117251046 1.19779237071984 -0.856676234053448 0.0035130388382818 -0.252103180214763 0.406884821192361 1.55878826534841 7.23812832465836
-0.391936957133002 0.0905757988942786 2.37326910709497 0.434262079992331 -1.22002830529120 0.860061254790053 1.99501063766424 2.15963038508780 1.10198028329760 -1.75445494365413 0.616397311724723 -1.14147303421050 2.40811512673274 1.77845782469492 1.76630158765707 31.4016287160947
1.60132544245571 -1.98876511530019 0.161465347469784 2.21161515903659 -1.96034088883083 1.96064976968337 -1.74298415887635 2.10487771376036 -1.59445709894877 -1.28220116013195 -0.0265175530686976 -2.38747084373608 -0.518277827296406 -0.105987122859806 1.86747713443357 -2.41695499550514
2.38053515859880 2.23891003759112 -0.0849144263332708 1.09083975528367 -1.86196328462567 1.55503039296251 1.03023593170103 -2.40460003787186 2.28609966061544 -0.47421615970321 2.21935615022201 2.38845062388573 -0.23963539596647 2.22054677891545 1.64771126157139 28.2830099839599
-1.57525747733656 -2.18556125504896 2.33786323365755 -0.222108361078426 0.839304843931459 -2.10194791573100 0.0685848764982073 2.06770233165938 -0.303566713496111 0.125189770869911 1.39836914598476 -0.498733614305966 -1.40115173533559 1.74407578418497 -1.36531627099961 -15.8369422844937
0.865953822135925 -0.739987023887224 0.771216544685886 0.249691719161347 0.128347641378641 -0.554267935701646 -2.29031708975323 -1.78830595572479 1.29587357661221 2.2217581555387 -0.775581373204477 -1.47373411812820 1.85107786925975 -1.93496596674900 0.430647758399136 -2.53787745487941
1.40601614418440 -0.382105378857814 2.08295884026214 2.02717475033365 1.44823385218624 -0.80545926828403 1.44808979284484 0.521654902165756 -0.299305269797332 0.180693915369921 -0.34133407888934 1.44006352170836 -1.28412140715867 1.08975698316470 -2.10652113859542 18.3604315526231
-1.99413925823756 -0.596530085299164 0.221965362215415 1.71599018754903 2.25793667780701 0.767741442262195 2.04411862032488 0.355930471676402 1.22482925848570 1.00610750125255 -0.943327307393774 1.88067196385004 0.428120379312895 2.36980650455691 -1.67957728020381 20.9490760138673
-0.439022061717696 -2.08920691924170 -1.18792704199441 0.717731101713143 -1.36075347294100 -0.760798238450661 -0.329083333350718 -1.26709590044804 2.12970245510340 1.12497326336801 1.61753355904017 -0.339735237038695 -2.12839125718456 -0.509398957523517 -1.50168993844651 -4.82506261627392
0.0465303943259645 0.075120399883017 0.327359304148704 0.797180468882434 -0.391194426147267 -0.626569795398973 -1.22201969360933 1.58958914779127 0.549607900599949 -0.836858636424877 -0.614644786957651 1.39993903419003 -1.48744157854002 0.681379680656828 1.82341651564930 12.445860919793
-1.83504234474152 1.7045166742336 0.79242751242593 -1.54635232009925 -2.17299230114557 -1.94317182847299 -1.12322005637456 -0.681381823108531 1.90287569337059 -2.17821824945975 1.45652637998108 -0.78298445595894 -0.869007386593148 1.92155993808992 -0.923740151738748 -16.6727949999731
1.69178797278553 -1.10241478066426 -2.46669542816933 1.5092639798671 1.48460792797618 -1.77669000308961 2.16958617039025 0.885326263690367 -1.31993995488156 -1.03122624554206 -0.639707778710872 1.79868641836103 -0.818462327099405 0.786099823247641 -0.0241257523605602 8.8449024799966
0.573296094476246 1.75189066674560 -2.29583147530444 -1.25457628724631 2.15881985337008 1.64358942210674 -1.97498140280135 -0.585215813969262 1.64230664748698 -2.08628276024479 -1.66642022018321 1.90224752180744 -0.0337322625191883 -1.97292221653741 1.45182907487266 7.98756240490134
2.19924473774619 -1.80837310470175 -2.34887697692960 1.95723617249634 0.3393740769336 1.71328139063902 1.70648741540965 1.84308619335294 0.511343196975067 -1.87982233676128 -0.982260295767337 -2.41705978905782 -1.19647117874119 0.360982657573186 -2.29737945417408 -21.5081893349141
-0.455671821068972 2.32801205817144 1.13567195091397 -0.472934011784382 -1.31249265274033 0.565932165789418 1.28906099154148 -2.25345831953920 -0.358523947480135 1.31221205034759 -1.01756294433493 0.0202788990270348 -0.172139948327094 -2.15319806941319 -1.84834964772221 -9.20037574253998
0.206461404017173 0.229009454785846 -0.686320873838849 2.48033542578574 -1.42617578518577 -2.40328339974396 0.66722286997363 0.0375432861736047 0.292996183317155 1.48393685377669 -2.27434241505805 -2.36198611767031 1.75695457849652 -1.40116504889913 1.29826874874067 -8.31031355523155
-0.862006661538035 1.26319749246817 -2.24636871245224 1.55885086505674 -0.886605248679407 -1.15261078659911 0.0402992031676694 -2.01542064698879 2.01083516683895 -2.33019387403503 -1.87417322170921 -1.9101901917113 -1.51318128779065 2.09689864307176 2.44363686001394 -15.7572416895144
-1.18725916883443 2.44192635299638 -2.31418653903529 -1.95306741029024 -1.34587949449196 0.50167937212158 -1.65425521798898 -1.65797709041275 2.26857406472322 2.30798105189577 -0.327196342665702 -0.044554640678689 0.631806640764698 0.965605629757047 1.97002465086058 2.90290992247757
-0.891649981043301 -1.21474651994649 -1.24058447692543 -1.93316506128293 -2.24928853218909 -2.31807477243710 1.77052371358033 0.811223763716407 1.08525952737313 1.91648553185631 -1.09480307362974 -0.259766728435643 1.45508768996689 1.12009186582640 2.07171743174084 8.88133884652187
-1.33142053505871 1.50076806682628 -1.08428075007629 -1.48598816061858 1.34582244207151 1.88998528879601 1.96111250952352 1.82813166514505 -2.18093261510134 1.66831347267143 -0.81537655597087 1.77000869209412 -1.75129181756638 -0.205358545794152 -2.07630995706189 -4.50582427828668
-0.809759711865336 -2.07150765804574 -1.11610573912039 -0.494399279626086 0.80217788469512 -0.409484150260687 0.631263743699528 -2.03652759834658 -0.338755926829763 1.06581989043392 0.500829383004457 1.95348612367176 -1.52796451000962 -2.40177346642129 0.855533927935175 16.8525830805445
-2.06646693969611 1.01302640981972 -0.196657704617828 1.37043723987881 1.08023538194131 0.83244790435303 -0.0615498915268109 1.97945036313962 1.82341059521772 -0.861607598871924 -0.397359782448039 0.603089255881496 -0.784805527999997 0.496167076630518 -1.15577601176221 10.2815525294754
1.93244317387696 2.31454463950824 -0.944637717893347 2.39637139520608 0.36341911633499 0.191068970072083 -2.07500012121163 -0.288078012731858 -0.188693808489479 1.86703131159767 -1.94927010881249 -2.15073125317227 -0.999615078852512 -1.89046916394494 0.244604762322269 -12.6274639179997
-0.974379315036349 0.937015135264955 1.43436610269826 -2.24847886649426 -0.409187455372885 1.20718378155958 -2.11174407520797 -0.127259267503396 1.05159776931629 -1.42119586980902 2.12036174808629 -1.49596864500083 1.53279395013116 1.72713083253242 -0.661847066259943 3.04937808879240
1.32665773038752 0.6675505302893 2.15118225273676 -0.188464955394156 1.20125379371457 0.213590766177512 1.57051203974988 -1.8250861407537 2.21945156090427 -0.848875408386812 -0.538567760055885 1.34197737080045 0.85123321746476 0.776130058714188 0.826212580227293 22.0666963312898
0.144951473320835 1.53919236030430 -1.01899275343865 1.74667171657551 1.16582085899543 -2.06878108073957 -1.42719608677551 0.130463423691690 0.947851245603524 1.03506354498677 2.38227648415603 -2.29770520739257 1.19131473089568 1.85796855405904 2.09652495554183 7.73657867324737
0.723924926365726 -1.71904819497839 0.659536106656305 -0.997620087941177 -1.90219687208533 0.803249810715206 -0.397425610767677 -1.19812870075461 -2.23516654826235 -2.42490939949173 1.68798769712448 -2.17664403819945 -1.24274089947343 -0.84075411316473 0.316767085269094 -5.2566169013358
-1.54353201304562 0.599683729466051 0.299798971838317 1.89435953256208 2.35253745417576 -1.58058244021609 1.20455352889840 0.78668982828036 1.30784112805966 -0.420613767402247 -0.102670585284941 -1.81338070068043 0.558834610250778 -1.11603794783819 -0.357330577000976 -4.14671503231696
-1.86129617718514 -1.83515558014158 -1.89656720106024 1.07263656631578 -0.598337916750461 2.26580981767736 -1.00012296321802 1.94540237969253 -2.01408042184077 1.72564198784996 -1.59055206004530 1.11764957309701 -2.36177254140843 0.66206809937954 0.607280710944906 9.80543288556937
-0.213577504442073 1.12274353184272 0.660057629887015 -0.103581535462290 -1.75283147777896 1.34028974523768 -1.60588324478362 -0.447056410890073 -0.987738813003525 2.10854515669402 2.40316816115286 -1.87302848635241 -2.44655232712626 -1.67870361929759 2.41025620207656 -10.6618018915363
-2.11028464675415 2.09191798650194 -2.15089487780351 1.31885367779993 -1.25557080681901 1.98431938061025 -0.670026568784378 0.00799978227820253 0.35698509008158 0.389606341007165 2.32816936237738 1.85717199760023 -2.06371045415290 -0.00274370640516253 -2.08933557878248 -4.29479038070814
-0.114406477306038 0.272549107051455 2.26517589353956 2.11834924866445 -0.0394475546898319 1.37383038550615 0.801482773902826 -0.871583781898953 0.396017584297806 2.45024710074533 1.09166363030206 1.06279195114970 -2.40063186018262 0.0083850681409241 0.964684828799218 16.674285487278
1.20913670663256 2.48524723250885 0.215848972313106 0.0969866300607105 2.48169168885332 1.66752180559561 1.67526750735007 -1.68903261858039 -0.918140725959092 -0.395905340518802 -1.13307395052165 0.350010990980081 1.98467959809117 -0.175680015189573 0.280770818861201 -16.0143607403519
0.181073551196605 1.85680202554911 -0.933890876076184 2.04893843792845 0.0565606251731516 -1.10744593042880 -1.79524333256762 -0.239558008122258 -1.83133607553318 -0.572016640887596 -1.78165925712790 -0.587267639636993 1.11332748925313 0.296578494687565 -1.90388820585329 -2.01672906587160
-0.0348381908331068 1.18832484165672 -0.136383401905186 -0.404040627782233 -0.349070404297672 -0.42553936698474 1.31314905971754 -1.47528668637853 -2.09456727876794 -1.49779795721639 -2.03402560122311 -1.28366327516269 1.65081731800456 -0.693112049195916 1.89781572073232 -18.1541504049574
-1.26899306457490 -0.878586614122614 2.40340256608557 1.49782478078268 -0.547014949135482 -0.387141939573921 -0.549380118101835 -2.46803837189917 -1.47227949288208 -0.92619618281722 -1.44868404090870 0.96686782695353 -1.88565353894606 -0.49847483092919 -0.482427699151449 -14.0510363567821
-1.81248152404558 1.83213683090638 2.06939766749274 1.59475021021441 -2.46778285893612 1.25956008884590 2.03403518536128 1.12271434367169 -1.81841380252037 1.96233426430263 -0.209551356374286 0.902658763062209 2.11765721208882 1.94150532786734 0.910578115130774 34.082614202083
-1.97997864034493 -0.0177467401511966 -2.13308939253911 0.341320201531052 -2.00653271053452 -0.708384615429677 0.983335848557763 -0.986362792155705 -1.89796824211720 -0.0532081329217178 0.300094668488018 -0.616490697283298 -2.14336923387367 1.17847024471499 0.692129881954751 7.58834176756312
-0.170514252232388 -0.987537890528329 -1.57065873319283 1.60437399982009 -2.43628162868321 -2.46235137356445 2.07867591466289 1.35144226536620 1.99346912295558 -0.536937053250149 1.82660877665970 -0.0217784696724266 -1.09409337092191 0.266107842582278 -0.856213268176652 -11.913827670954
-1.07482871588785 -1.86235630400479 -0.667098800023086 -1.44321390832774 2.10878146170638 1.44417336294427 0.426309051192366 0.679785282853991 0.52640389801003 0.164974141097627 1.11553871765267 1.69244602465536 -0.472048525791615 0.4765035305731 -2.12076916629914 15.2066702115663
-1.69559176903684 -2.16678618912119 0.826345862350427 -2.47363276880234 1.02772705906536 -1.40258755969815 -0.514025372536853 0.488720482322387 2.40288478068076 -1.45198392407037 -1.07126219254918 -0.0827372243395077 1.86685315962881 -0.579728167681024 0.749593557910994 1.51149691316758
-2.01328148298431 -0.170946752852760 1.46401890745852 0.0504055292485281 1.81678213069215 -0.537072463217191 0.790216162474826 0.587805029759183 -2.04808412255254 -1.13578745382372 -0.599868345353752 -1.00294735869393 2.25014946912881 1.58763268451672 1.33593701120466 16.1459688375441
1.95946230828296 -1.9306166718062 -0.819056128896773 -1.39890439225826 0.497247821637429 -1.09271456229035 -1.04928153671324 2.26074183471967 1.76466671312228 -0.899415585957468 0.00707227013073863 1.36023711845744 -1.55702864982188 2.32682611900847 -2.18491977974307 -11.3481525850203
-1.64873593675904 -2.34963304759935 -1.37135587518569 1.80383169456851 -1.03629802671727 2.31998845133930 2.18752278962173 -1.21642517275177 -0.601401743041352 -2.29704892107286 -2.28792670237366 1.98551418506075 -2.2169771294808 -1.8595086432714 0.5891377860168 -19.0243044479376
2.41054726828355 1.73899729426950 -2.41334053932223 -0.611242819377221 -0.365699067912065 1.51241419546772 -2.03412616888992 1.62796691682655 -1.90576401373371 1.55141057624482 -1.63005860842299 -1.85432325662579 -1.13891077339184 1.29848552900832 1.10941588405985 -13.4711270465539
0.376829848946072 -0.0416576704243199 -0.228132816045545 2.4445930611901 1.26443542500027 -2.05335367918946 -1.30968370200600 2.39021484979894 1.3680290137697 1.65374567328487 0.522126513114199 -1.50070655623451 2.16707479437347 1.81486071427353 1.47975987989455 6.73751994432709
2.31297032584436 1.03933728666976 -1.70230601646006 -2.04464004787151 -1.06445427494589 -0.934224791964516 0.856460209535435 0.505993024208583 0.671664558518678 0.241113330209628 -2.04558085013647 1.14297709569801 2.35215149855707 -0.779418506924994 -1.5286560504511 -19.1514660398239
-0.277195719326846 -1.31153095710091 -2.36079471447971 -2.37784585802816 -0.932501273504458 0.660863305833191 0.901795520568267 -1.15163546685129 -1.39724274683744 2.21073831025045 -1.52069800239056 -1.08103616617154 2.33008917811327 0.194996460243128 -2.45740065216087 -2.17544337361024
-0.79575781806372 -2.32397479590494 -1.77986111836974 -1.77699033356737 2.22369686205871 -2.45311968431342 -2.25389506091364 -0.335197173636407 1.18110767713748 -0.110422053290531 -0.890422737905756 -2.10161083100829 1.49835796097293 2.04105155696627 -2.47477703493088 -12.2334678339311
0.311302364580333 -1.16394310452975 2.05289825227577 -0.126524502001703 0.78715201338753 -1.73925517945085 2.08613821629901 -0.365527735301293 2.377958578947 2.32948888078798 1.73594601749443 0.433657346330583 1.02699677940924 1.56545713169035 0.196427043895237 21.0562211073152
0.131859201020561 0.6147484235093 -1.15250374014024 0.401665285858326 1.61894468327984 0.696977176116779 -2.198085973165 -0.410592177971266 -1.16377965413500 0.08489587909542 2.35443677738775 -0.579364370256662 -1.81508428295609 0.806938229966909 0.350349577483721 0.109167298016944
0.94002647202462 0.481103062857874 -1.72355060731526 0.556151306466199 -0.183010334460996 2.45663166295271 -1.45506414228585 1.7791962105548 -2.34947027305141 1.22502958828583 2.24973362038378 -0.84777987536043 -0.939703261414543 2.15656583050266 -0.210230677588843 0.873378001953332
0.456880301404745 -0.494571890137158 0.0120264482172203 -0.651240396038629 -0.73457360827364 -0.327018157588318 -0.524947221162729 -1.52292690964416 0.309119227328338 2.29172370233107 0.0488567504100503 1.52950169709977 1.59011544187553 0.828831236655824 -0.658553251642734 9.51933858960878
-2.46461765875574 0.891191574581899 -0.255070034326054 -2.00844919892028 0.972379626403563 1.53058028093539 2.33400280977134 0.734261011518538 -2.06612309133634 -1.09633617982734 -0.272482351465150 -0.402131736609153 0.418545372895896 -1.91805881690234 -2.03700537727214 -0.798383291548835
1.23981064342894 1.29042032014113 0.93841137457639 -1.16782207285054 1.95082691906951 0.976608724338002 -0.313897394142113 -2.17013816053979 -1.99898051814176 1.95257876637857 -1.14441226786003 -0.899981531016528 -1.79316650856286 2.24806380515452 0.765079888086766 -30.9187654659645
0.102941075195559 -0.704308935017325 0.0214911555126305 1.64509925380815 1.04956725990400 1.08708885307889 0.86242949503474 0.372634506342001 1.73037654538173 2.19600123413373 -1.39776621189434 0.645596986147575 1.77473285288084 -0.478169154850766 0.450557278869674 12.3529042674478
-1.71007023350336 2.38988940634299 -1.12360492207576 1.42189509118441 -1.20862762871664 -0.0982994075864556 2.26401731665712 -1.00448629885446 -0.398295992393978 2.00494696376845 2.06448800838552 0.0879566164314749 2.18185835428536 1.51703335994855 0.331879990790039 12.6019304293264
0.764109978410415 0.401608532741666 1.16653748403303 1.77979346038774 -2.44737660622224 -1.63646411753725 -0.24510078528896 -1.25709180200007 0.647945984653197 1.57684106741101 0.122139592906460 -0.345971528296359 -2.28309303435963 2.28310069090687 1.85758762131911 14.1056892305989
-1.37049249920994 -1.38527986400295 -1.21852328854613 -1.8682641454041 -2.06818969951943 1.15848139450420 -1.90214602653403 -0.463903106804937 0.734170007025823 -1.68315505098086 -0.508142284499481 0.697960243420676 0.788402129341848 0.0687199259363114 -1.08042946520261 2.37933473421421
-1.40354509568308 0.132654356695712 0.541590108992532 0.923359026522376 -0.297539099287242 0.610700104208663 1.47483452039305 -1.99742203805596 2.08196561767254 -1.72183848999906 1.26735466992483 -0.700622169673443 -1.73517316730693 -0.383963744747453 2.33916742454283 5.16007846187376
2.37545486215968 0.475152404946275 0.504888966451399 2.33472646741196 0.283023355207406 -0.077980897631496 0.450131127024069 1.19723484952468 -0.895461926003918 -1.80236609249376 -0.495380459045991 -1.73912825059146 1.01780157120898 1.90218041581102 1.68015105623752 13.6768126728004
-1.42495273446199 2.34654525837395 0.90255637023598 -1.08149682980031 -1.61783620468806 1.87925274752546 2.29593318607658 -1.67817086494062 -0.850986255616881 -0.444326028432697 -1.30763971522450 1.64725294015370 -1.86056461220142 -0.649749636957422 -0.891475270860828 -8.81802372058131
-0.670796553227119 1.95462229748257 -0.334748872825876 0.370924475975334 -0.455568508324213 -1.03421825215686 2.10484362617135 -0.420785408169031 -1.18293293765746 1.42926819026936 -0.757132325475104 -1.56079406274948 0.306077946177683 -0.590387539211661 -1.42545830473769 -5.80730557553849
0.989479638384655 0.373368350691162 0.986787204695865 -0.598810581211 1.23854081332218 2.47617050664499 -2.37872624949552 2.18549143518787 0.0518938807537777 0.70197791247163 -1.64430497660302 -0.650987347010523 0.107349453670904 -1.81330046203919 2.15347652489319 7.03072220046834
-0.0840479946183041 -1.63065089380369 2.35433719790541 0.176795614054426 1.41608327692375 -1.25462031644303 -0.941718628760427 0.763756413022056 0.874928590683266 -0.694614839269780 -0.250220626625232 -2.31263066959567 -1.56315659645479 -1.69015619278420 1.07115638628136 -14.1609300238930
-1.94425889356062 1.44764355671126 -1.26735420255922 0.897808084869757 0.582804790399968 -0.283815671186894 1.49551292569377 -1.77288063186221 0.70029255673755 -0.258268784838728 1.04319528304040 2.45611507519614 2.28477777225431 -2.30114269196521 -0.609868200067431 0.54057585183569
-2.43576131775044 0.535016372455284 2.01891715936828 -1.98871580191422 0.399108948493376 0.264499165830203 -1.68207194308750 0.981300588492304 1.02226735671517 2.46126442878507 1.98803181713913 -0.55467514468357 1.29843850294128 -1.95013451835606 -2.34560145280324 -1.74795918741707
-2.19459050992969 -0.912166808838956 0.136793305398896 2.36800296410918 -0.511536145014688 -1.67497950517107 -0.566107068951242 1.56881750497967 -0.541138381701894 -2.37518443043809 -1.37942630144767 2.15474804352038 2.21184504431207 0.125349657987244 -1.23568511885591 4.14392648609864
0.663383200266399 -2.44138902117964 1.33722418941092 -1.18188377266750 -1.09460863940418 0.387444583121687 2.45564534511883 0.601505506387912 0.365969078959897 2.05628640930168 -2.16921195788775 -0.28401959173847 0.0133394373347984 2.18522983899806 1.41720675291028 17.6593297522631
1.72273957043421 -0.305296233091504 -0.517434777393937 -0.635680363699794 2.04746060047299 1.26085669129621 -1.47835726252291 1.27590673214756 0.85605555376038 0.145867425939068 2.09245786773041 -0.444978832183406 -0.711285602496937 -0.311800839598291 -1.46228826208506 5.63644148839778
-1.58228826068807 -0.325401912941597 -2.1620521667134 -0.661255552340299 -1.95067657758482 -1.85317093028221 -0.911775628179312 -0.246792441410944 0.254019814934581 0.427631654995493 -1.51923765828833 1.54654533883557 1.42916810750961 2.12014168828726 -0.00825708351097987 3.24441844505369
0.48213989763055 -1.50730536423158 -0.169284118670039 0.39895744043868 0.731255970583297 -2.36397685931064 1.12811468824279 0.455693748337216 -0.627827244955115 -1.16908750964794 -0.563762370776385 -0.1077511494793 0.221007606373169 -1.57018533311319 -0.996220272313803 -3.74776903564609
-2.23251279519405 -1.52841928851325 -0.399973642067053 -2.43009592344519 -1.98782048989553 0.74786495567765 -1.26385550520848 1.42004720355384 1.78236137206201 -1.20925449943636 -0.0819033991871403 2.22972029362340 -1.02359207360074 -0.294976189360022 -0.629493027408607 -11.6959428535071
-2.08071314070374 1.34200253195595 -1.47457501904108 -0.905455765491352 -0.100799307697453 -1.82762753927149 -2.08895971610677 0.901204829053022 -0.131677029235288 1.79010507195257 -0.704559170352295 1.00101962462068 1.66613039567135 -1.75937151214574 -1.64122591241263 13.3033618154586
-2.33559685519896 0.358722381922416 0.148845667405985 0.308972253850661 0.462946748551913 0.320682061784901 1.88011502585374 1.93549927969929 -1.56133128000423 1.44087570230011 -2.13700348149054 -0.744852139404975 -0.972316837897524 -0.151092353723943 -1.27315114466939 5.23236880654506
2.10448956367094 2.11097882106900 2.22130838001147 1.63904204957187 -1.79948484146036 -0.915412528468296 -2.32084970716853 1.10138532346580 -0.944636962818913 -1.91325327781495 -1.56407881139312 2.02176234721672 0.539789244439453 -1.19284081312828 0.921409886195325 19.7983162417969
-0.919680182877928 2.04111792868469 -2.44943919803016 -1.02974545563571 1.15970539318398 1.62423599262722 -0.760067736972123 2.48689958727453 1.96159009808674 0.504687491878868 1.21159801607952 0.445862089036964 -1.63010613028891 1.45996137928218 -1.96438572123647 7.01695889837419
-0.82427195943892 0.81769737337716 -0.563008627966046 0.520265407245606 0.705535994945094 -2.28975950422697 -0.344520600116812 2.34164009822998 -0.264000282227062 0.271327911517583 0.976284099239856 2.00192590203136 -1.66877468690276 -1.44622696012724 0.0519933544658127 2.52741355954520
0.626841502832249 1.31099864542019 -2.07560687877703 0.104837511372752 0.921303109717555 -1.90152757642791 -2.42289053826127 -1.02265974096023 -1.54806839004625 0.533003714610822 0.235450574033893 2.06431902299635 0.332922228961252 0.354120011175983 -0.760890965433791 8.56593109791224
-1.04608239827212 0.738000479545444 -2.32066808855161 0.667509226063267 -1.69712374801282 1.01590540962759 1.08780209695920 0.716193176186644 2.30698274658993 -1.97417991945986 -0.191976867760531 -1.64625746815000 -0.352485431553796 0.896151285576634 1.21516282393597 -2.20745513186414
