-2.48479231541511 -2.49782913813368 -2.49536633931566 -2.49000216119923 -2.49693740754388 -2.48916014058981 -13.0421370284202
-0.430284978155978 0.941750253792852 0.756250857217237 0.164194018831477 -0.319627603702247 2.36296633641701 6.29293701496638
-1.98969939382281 -1.08617430216167 0.0636461282009257 1.11443836893886 1.84264396007638 -1.79894886006136 -4.13035263133381
1.18613394045271 0.752799566383473 -1.95417293587700 1.54558094915934 0.4343739491608 -1.97543961944059 -0.160074021223860
1.67852720323019 -1.37070287927520 -0.48095807116013 1.40957404463552 -0.962351028122939 -0.102302478896454 3.32074715483736
-1.27070076075383 -1.85371519254521 -2.30704511539545 -0.195121884825639 -1.63376001665834 0.372623260044493 1.19097959980942
1.58078028310556 -2.17643809794914 0.223856963473372 -0.302474792343564 2.07591789503116 -1.43498876747675 2.42040319338681
1.2507149339607 0.204183697956614 0.39554159544874 0.00146158986724920 -0.681563000394963 2.12367792299949 4.46819604185442
0.645889129671268 2.1044182922272 1.34099022044800 1.38176971726585 -0.48046371545177 -1.62655411890242 4.00035504312859
-0.80641315181274 -1.17514816530515 0.492782381060533 2.10167610680684 -2.12652759428136 1.02872088764328 5.69911255052205
1.30440408858471 2.31972804040648 -1.68598843027372 0.26549162437208 -0.902391772940755 0.937484219735488 2.99244608577681
1.01148419887759 1.47241076312959 -0.81794764797669 -2.45579037265852 -2.01810766640119 0.888608962236904 -6.07112191420202
-0.369664621502161 -2.08405368021224 -0.134850200940855 -0.85971932310611 -0.331454215752892 -2.20620529158507 -5.19674131843825
-1.66232918596361 -2.26509646480437 1.32548368465155 1.29792458978482 1.70776760746259 1.49155602020677 10.5888955497414
-2.29859295366332 0.481731468820945 -2.41303035527468 -0.527405111896806 -1.28350790258031 -0.926141909044236 -4.98083305878422
0.174500044826418 1.66262964133639 1.24263856479432 1.66602868319955 -0.632188749713823 0.122552809342742 7.75213410342538
-1.81773304516915 0.423982662372291 2.37201054085512 -0.927309276429005 0.0265034211892634 -0.874384578117169 3.32485917293385
-1.75006235630251 0.331711519607343 1.05811088894494 -1.60543938572984 1.12169818134513 -0.152927639917471 6.84131219881255
1.56873105594423 1.29009366566315 1.54223705538549 0.198890819232911 2.17638909449801 2.0455468508834 12.0261799204089
-0.671558728371747 1.24729069065768 1.76743991298135 -1.04761791495141 2.44829421281815 1.17126852620859 10.7131595003008
-0.478436297010631 2.32727199667133 -1.57232240376528 -2.43326396636199 0.182535201800056 -1.37273749220651 -4.27668961081469
-1.38175677031744 -0.0296775159379465 -0.330826983582228 -1.38146241050679 1.87869491422083 -2.25583124822471 -4.02102252833419
2.30528696833644 1.88678928323556 2.0881375534134 -0.223942757402547 -1.70413863405120 -1.65819054167718 -0.0853129654148317
0.707804771731608 0.68703926561866 -1.18660587417427 1.17220715858974 -0.149589514178224 1.14211942743044 8.62703957336139
2.44471858432516 -2.22593559269793 -2.04830278503709 -0.332639727997593 1.65281874075998 2.46628741943277 10.9973558250827
-2.39182015251834 0.196992990267463 -2.11538860864006 2.32547748764977 -1.78641517547891 -0.593824400408194 -0.213361267619164
0.74607935959939 -2.13389073099010 0.336023984677158 0.303601065245457 -1.94872168239206 2.23427637641784 1.73166162968229
1.37354730562307 1.40831106173806 -0.616608483213931 1.78086678670719 -1.20463834433816 -1.88189207212068 -1.34270396382944
0.921083459402435 0.921601421744563 -0.35439193545375 -0.789054699791595 2.35267967583146 2.20070878390223 10.1592659120733
-1.36808950164355 -2.25872958234511 -2.00983866874129 -1.40966629206669 2.13304208728019 1.24732845659368 10.5301930008758
0.614594039255753 -1.56369938859716 -1.65471463755704 -0.652852225834504 -0.856293312516063 0.273261248324998 0.932029938481894
0.69229335510172 0.960189745402895 2.24384417489171 0.921019694209098 2.0503384221904 -0.693581195729785 8.07707467441341
2.34255010375287 -1.05891534113791 1.9100630348688 -2.38947088464163 0.456414538011886 1.31902798387688 8.3690720965856
-1.06174693876412 1.83126578374766 -0.565194110469893 -1.70688115026802 -2.09306168023031 0.212024028608575 -3.60926114900409
1.93366803830024 0.0167323375912383 0.781347264135257 0.609901009765453 1.36376167356037 -0.272778576565906 10.0486819642494
1.15730551577639 2.09846933669411 2.43226504146121 -0.697347879577428 -1.06514882906806 -1.75657855310477 1.37606678761232
2.49916600407567 0.859870086228475 2.46426309116650 -2.08528574924450 -1.13274152837228 1.13034124092665 0.346322052606294
0.093310670866631 -2.41879829919431 0.103171328734606 -1.64924353454728 0.959215265936218 -0.0304531517438593 7.02960157219092
1.20970055082347 -1.15717487800866 -2.03381738013122 0.574573783823289 -0.394461096222512 -1.68170943759382 -3.58825280018516
1.83176089457236 0.57553254803177 0.259992691511288 0.908516500983387 -0.255970822237432 2.25101574076805 7.0351551736632
-2.2630661117984 0.459558315216564 -1.74600994873326 0.216423266399652 -1.05654275108594 0.523955029444769 3.47390728334384
-0.129541338738054 1.23605121961795 -0.72813431343995 -0.409917114418931 0.368662105076946 0.858677004911006 7.52997568912706
-1.01809886340052 -0.647263210178353 0.0167109532561156 0.327522950773127 -0.0970406292797996 0.152595059610903 6.36510364477486
-2.15902019684203 0.14278406990692 1.26678741044831 -1.85292331070174 -1.32935063614976 -2.28291667317506 -4.66462741632683
1.29358370669186 -0.207578511172906 2.14284955475479 1.24023003485985 -0.0557205720571803 -2.31166580425575 3.31500063083625
-0.84132574222982 -2.21774177243933 0.155615971917287 1.27230317277368 -0.351365978359245 2.07974698260892 9.07828334548186
-0.764739131010137 -1.07788743413985 -1.00094963902142 -0.619833503491245 0.200870607108809 1.90297681429889 7.86343300808097
1.72579975638539 -0.332603952763602 0.424446448786184 -0.94761153665837 -0.471043599843979 0.945901699047536 4.82887120599561
1.74409653124400 -0.118915818165988 0.93621977317147 -2.27853148808237 -0.225165074034594 1.4495239626104 4.74163541988309
-2.06317392302677 -0.376788331042044 -0.83725442592986 0.81576902333647 0.658526647030376 -0.316780784483999 4.29332286044093
-1.88691874056589 1.19722191788256 0.568545226040296 0.852411665441468 -1.65411222943570 1.50151006545406 5.26434591433243
-2.35602288567461 -0.632302684197202 -0.844926581829786 0.668106954242103 2.2449430069793 0.797076939353719 8.22791935609236
0.456301738368347 -1.82546790947206 1.20852743592113 -0.261403122749179 0.66107330721803 1.84735376852564 10.7940880358067
-0.179991549146362 -1.58982846161351 -1.93958979389165 -0.992806133404374 0.763557069203816 -2.45910608764272 -6.24499091603718
-0.309021931113675 -1.02617546512745 -2.42338117850013 -1.11728135129903 0.466747359405272 -2.40362478550058 -6.73314396284575
-2.13719442175701 1.85581399495248 -1.35615125694312 0.520120293498039 -0.791315340008587 1.78422910909168 5.16235630887142
0.592326016039588 -1.60699827044271 -0.520634958492592 -1.86048677397892 -0.168503055125475 2.00111826791428 4.6442864842662
2.21155287482776 1.08823041900061 -2.39106673071627 0.946509916777722 1.05739245385397 1.20872583788354 11.8406538675759
2.40641257257666 0.599372981959023 -0.383193220095709 -0.44755810034927 2.41409094518516 -1.17566654956900 4.6143821455628
1.10579254212324 -0.167528616399504 -0.923228959776461 0.992955307364464 0.636581693692133 -1.6035356243141 1.15755999728329
-0.452681499496102 -1.72479840046261 0.848134778859094 0.558126773443073 -2.43371038493235 -2.06146520078182 -4.13970141020394
1.4210273940349 0.0479083887394518 -1.91663320051972 -0.213981461212970 -2.20315847147722 2.38293996272143 -3.79269562096864
-0.501533779301681 1.91788802791852 1.47999507377855 -0.426032527647912 2.14384163094219 -0.796739985304884 5.75375264748796
-0.141820036242716 -0.0837944090086968 1.22075663656462 -0.626199947632849 -1.76055616691243 -1.98092645636294 -4.00031522569056
-1.57361966851633 2.39159586897586 1.48623930175323 -1.01341973843053 1.11584665323142 1.95152874562889 8.54773238140151
-0.798002676279284 -1.64736383778509 0.534409409537911 -0.766921383105219 -1.41983885699417 0.56571324645076 2.696071564945
0.986714850394055 2.34155117592774 -1.51434064771049 -0.156675296155736 -2.35268584598321 -2.08393343534321 -7.96562523121182
1.3993396217376 -1.35061179371085 -1.66324050151743 -1.09559994441457 2.19184170714114 1.70173684609588 10.7641911164042
-0.623581261914223 -0.590017285919748 -0.0213623677985741 -0.82210808464326 -1.51241906131618 0.91067943322938 1.85816472055108
0.814050079872832 -0.134851754801348 -1.25247971650213 1.92241829433013 1.58585729505867 -1.56997046479490 0.539024543951449
-2.08960026888642 -1.70113571365364 -2.16557176471222 2.47545476065017 -1.97279013120569 1.01219817143399 6.78889389581604
-0.833785878764466 2.43680776074994 -1.11293784348294 1.44441433420405 -2.23273754591122 -1.44174467891455 -3.11235798653042
1.50750610711984 2.18979375690222 -1.32387510041706 -1.90172050722875 -2.18337805070914 -2.16278873482719 -12.5030069717219
1.71540197937749 1.68626736910548 2.10492931964807 -1.30890887585934 0.861558431326412 0.617041160161607 10.4785657023449
0.0416294833272697 1.86400892578997 2.30754655180499 -1.37639492391609 1.88879513357300 -1.83658565889578 4.52303883283719
-1.69155559994746 0.918188318307511 -1.70684682102874 0.0675588282989334 -1.72514173926786 -0.9676547824312 -4.87478302992226
2.27976108070463 -1.43717142530251 0.181373573956080 -1.53720769760665 -0.360377224576660 0.699692166931927 3.43789773683928
0.50990776448045 2.21736212534364 0.815543151050806 0.97734203572385 1.79944007344544 2.33722685762215 10.9743152425459
-0.932972309389152 0.7959643063182 -1.73157284946647 1.51645344403572 -1.75885033544153 2.34013573301025 3.55852898547949
-1.04129361602478 -2.36037221563514 2.12082850868348 -2.06819927621167 0.854208624772728 -1.22289822421037 3.20085732417669
-0.0418388998275625 -0.287078602337278 -0.452910062111914 0.352449406632222 0.498289075894282 2.26324435261544 9.53085704626593
1.77822619993240 2.24950723189861 -0.621718896399252 -0.370705799078569 -0.194208811344579 1.36661987495143 4.96138384710598
-1.02422735169996 0.269224439929239 -1.85575666576624 -2.3632916654367 1.53877312105615 0.341611955789849 6.01308205500063
0.63978644321207 -0.987667823811062 -2.15353329429403 -0.51576081728097 2.33696479202248 1.38924288419075 11.5102403320586
1.55950875519309 -1.77405872586649 2.23744835703168 2.41492794742808 0.508365618973039 1.74076243245043 10.1204373177577
0.948423230033368 0.54416094805114 2.35453700526617 -0.667896543336101 0.834805031195283 -0.678376105679199 7.81134501797589
2.22720748902764 -2.11967261970043 1.63418367835693 -2.14275827859994 0.56833455007989 1.92095146275591 8.05922335972045
2.13133665419649 0.538058340544812 -0.891067772260867 2.14585368036292 1.61217431879137 0.104095147238113 10.3482829073108
0.478247218108736 0.826312873843126 1.13953583976254 1.04170796079095 -1.59786547748838 2.45877007886767 2.49317399497729
2.39551617373247 -1.92480357471853 0.558731568786315 1.14894504853059 1.69804124789312 1.69470666473731 13.0659372162207
-1.92014971665572 -2.04643143346999 0.217940224693157 -0.100139653207734 -2.04821149477270 1.08429180598818 4.41116999275771
0.484307060847059 0.762612410150468 -1.80364851053338 -1.79627482793294 -1.81417649774346 -2.34172778154258 -12.7623010003840
2.10266283297911 2.06138569086324 -1.20948359373491 1.68375420921017 0.353415506384335 -0.502189330630936 6.85746870605635
-1.70022023788653 1.38236018123105 -1.23067421804182 -1.62771878062747 -0.517007489665411 -0.328372114156373 -1.51887657467115
-1.50875654048286 2.00752280824818 1.81131795122754 -1.42978668121621 0.996669536922127 0.0538433600822463 7.92028650614943
1.86310946981888 1.59090675146319 0.708191060866229 -2.03585628575645 1.97419412389398 1.29605283326004 10.9482816269197
2.25094009183347 -0.0772258424153551 -2.18032414071728 0.460261409394443 -2.29170609139837 -1.24183242248371 -7.04287678314723
-1.62567357857712 1.54860811045859 -0.748315658583306 0.152554295784793 -1.10957313370425 -1.59068923000712 -4.65624768558375
-0.343590573696420 0.241930847540498 -1.30128440196160 0.785483919810503 0.0490822294075044 -0.653372589475475 2.50885035966609
2.05051502444781 -0.399429040849209 -1.76631718743127 2.24553213212639 -0.605810417993926 1.83456478722859 7.6017357704114
1.65574075335171 -0.306484140860848 -0.378855427564122 -1.33441779985093 -0.0637990841129796 2.09871636301745 3.75338071650451
-0.995690552815795 -0.414806992881931 -0.464774412885308 0.0445974375400695 -0.294846129422076 -0.123541954983957 3.79484073182747
0.662595488564111 -0.143836680511013 0.352164916666224 -0.354258563485928 1.42471352794673 -0.0679358111228794 8.749397714987
-1.78100965868216 -0.0504975059535355 2.27000624383800 2.04235981867649 1.07579405018128 -1.14878926550969 0.916233958541365
1.90264063244686 -1.75560488336254 2.05140209561679 1.03998836691491 1.54942563624121 -0.414720484456047 8.71648498210641
1.12607163284905 -0.529496492119506 1.75943719540257 1.76926973287482 1.75167164080311 -2.2322556625586 2.28426425683847
-0.56510647686664 -1.11527983258478 2.29576137578115 1.85332941459957 -1.46531066331081 -2.33305155738257 -2.73096794381833
1.62170618931763 1.10148915513419 -1.96673657427542 0.865669868784025 -0.87546689237468 0.825989746134728 4.64698395891486
-0.755067406725138 -2.02399327898864 0.653482002648525 1.01534266261384 -1.90764987576753 -1.52885459988378 -3.53039050938392
-1.15589164251927 -1.23245013009291 0.0510188059415668 -2.40680223600473 0.90039535030257 1.22027541653719 10.2340717083275
-0.73106677272357 2.23975579424296 0.262936495305039 1.23297676755581 0.418386710146442 2.49050563804805 8.58118912297681
-2.18393938986119 -1.46840354179032 -0.774221134185791 1.81054148938507 -1.66957294038497 0.324557186937891 3.79640995363298
1.81976663392503 -0.570765286465176 1.85032679018099 2.09701640619896 -2.32248202011920 1.89860620940570 2.9550890912759
-1.4906468452001 -1.94745738292113 0.08242452852428 2.02039781496394 1.76181809014175 -0.00497124028857776 5.03327506978551
0.360606426335871 -0.780801646206528 -0.113643857184798 1.74437862679362 -2.14021179862786 -2.05007251550443 -3.98991921204387
-1.44959503222723 -2.00114257791545 -1.16133169478271 -0.288208441315219 -2.36288086895365 1.43917662247550 2.45874921261647
2.08491107737646 2.44965172391850 -0.262723097223788 -2.16384631199297 -1.54336241029669 -2.13376316644717 -8.40033960555445
-0.971488843052648 -1.89872457313351 -1.63369256384205 -0.099154658182524 1.45609072573483 1.32922078563366 10.9239869735169
-2.22364373969845 -0.519249336258508 1.07883288524579 -1.28159467919730 -2.39094014859758 -0.735890751769766 -1.60732244827851
-0.0752333699213343 -2.18714799293317 1.15159192024265 -1.21444148005918 -0.710577869457193 1.86434979027137 5.08381429860564
0.385650759083219 -0.882393183032982 -2.37549621489830 0.737029950330034 0.719100665617734 0.316126088029705 8.98395130210498
0.331934424075298 0.665539560052566 1.83073780388106 -0.710750536830165 -0.771956994426437 -0.290541629442014 3.75868200281887
-1.23872750348411 -0.857943648123182 2.48547369902022 -1.03229988379870 0.385158675918356 -1.49865858033299 1.55779415356503
2.36880740556866 1.75108162149787 1.18985897158273 -2.13318862942979 -1.52505836318713 -0.365829123007134 -2.86548811792907
-1.53818333270494 -0.92642335289158 -0.0507703701639546 2.44761396501213 -0.121705727963708 0.096678382568061 5.72389043007034
-1.28971744434442 -1.55264423247892 0.295540951499715 2.29207748987712 0.739917752831243 -1.46202747291420 -1.58766461840671
-1.84331275558099 -1.63334150704090 1.96240915528033 0.119800233868882 0.547547602807172 -0.482791430354118 5.01224163859142
1.84572013937403 2.03479249639437 2.33750083674211 2.31100135728717 2.21958629499655 -0.0909468622319403 11.3825874258891
-0.482510009757243 1.97103789527435 1.45810283111874 0.296572814038955 2.31107073640916 0.76222583941184 10.8483894701779
-0.618551634764299 1.57284012349322 -0.299782561305911 -1.57324905756861 -0.438658432294615 0.731263980250806 3.15095489207042
1.07207690818235 1.99818267914467 1.59789653918240 0.483028063159436 -0.108113420968875 -1.72861192908138 4.8591746300258
-0.537880624840036 -0.948866852126084 1.66830179210752 2.23923205750529 2.26630371225998 -0.175443535647355 4.8103081877855
1.88946423367132 -0.352979160146788 -1.52978592649568 1.97288093235809 -0.0205029253195970 -1.94647885157727 -0.923076372265066
-1.32688663500361 1.92457123046741 -1.12508921044413 0.883931558188051 0.119670986318961 2.03905385979917 7.85546428926132
-0.336237555919215 0.405909813414328 1.43754428610671 0.641918824249879 1.80184970757924 -0.399457389451563 7.48089735641313
-1.82602427742444 -1.52104752103798 -0.516005577584729 -1.947285362361 0.0731753594707696 0.0778519981075076 4.27498496086955
1.02620435950346 -1.86293087062426 -0.648945995667018 -1.97111125987954 -1.85295011096634 -0.569116244297474 -7.00192729342326
1.99086791787762 -0.679883787133731 -0.780722464481369 1.58252008532174 0.158624656172469 -2.36677964771632 -0.554754708311897
-2.45708931668196 1.72437019852456 0.124804833396338 1.31864604226314 1.02511060235091 -0.993661241610535 1.83236732124743
0.573871849304997 1.0727692287229 0.0361783486837517 1.56426905697677 -0.541432479154318 -2.42413312682882 0.0512965570424218
-2.10801408365369 -1.25231677110307 0.595907415007241 1.89065718466882 0.528493109508418 -2.47607209579553 -4.67970375102558
0.201298328177072 -1.20908292498440 -2.13525871718768 -0.488897928539664 -0.278836085814983 0.58955133757554 4.81423774729136
-0.293738678190857 1.49919944988564 0.162486688047647 1.65190850040875 -0.413262361292727 1.98566317131743 7.92215178044254
-0.0384225693671034 -0.736500937119126 0.99121864949353 -0.887978394129314 0.318082337458618 -1.31906240623444 1.84248844621792
1.97394809988327 -2.33414366815705 -0.910000228402205 2.43600399270188 -2.40155354875606 0.175503911888227 1.91419695975386
1.32345079817809 -0.699289359352552 0.440944996280596 -0.251605010251515 -0.941778782024048 0.654616296258755 4.27402162882149
1.16083000464365 -0.000957834352738995 1.95629543977324 -1.22781739560422 0.937388760680333 0.75722217542585 10.7156331400617
-0.695073251719587 1.20634314843453 1.16866271141451 1.82510114218574 0.289659498538822 -1.00464120446239 4.43110258554040
-1.87009929896798 -1.26372552718967 1.92713779843878 1.19874609238002 0.687315001026727 0.809192445627414 9.49667486979575
0.416217591282911 -2.38516720749903 -1.78228162267711 -1.82716715356801 -1.44383391326759 1.63280812778044 -1.00978612772169
0.31198102558963 -1.68458104394376 2.02212926292792 -2.11284220908303 1.00469898649491 1.55290757141542 11.1200157774775
-0.399882578919642 0.125468029323965 0.510096780383028 -1.47563486485276 -0.723636177266016 -0.767703008675016 -0.419529512816175
-2.40980990075041 0.726675982368179 -2.35276667864993 -0.0780820724461231 -1.34591215702239 -1.92387448393274 -8.40636994852104
0.886744126677513 0.643233659998514 -2.29229602988809 1.87949296071194 -0.563367991829291 1.06639305773657 8.40502452801072
-1.46169639985543 -2.30529985008761 -0.950362452892587 1.08963762635365 1.92915120860562 2.15249912891071 11.8277053997536
2.42972864151001 -0.228838688917458 1.72179527939297 -0.912665580813773 0.795365075790324 -1.5407557617547 4.74703210460535
-1.64659537529573 0.883978730994277 2.39881512562279 -0.475745400949382 -1.25693037537392 -0.906877225730568 0.703137400501104
-1.54260425911751 0.168931122343055 -1.27331397355534 1.36719605098944 0.803915363363922 1.11125338385347 9.95739122914756
0.189023832636885 -1.01673530920874 0.306964024892077 -1.45845235650428 1.24335622746963 -1.71362515870482 0.457804193718628
2.19374636906665 -0.870905297719873 0.894312852881849 2.19857421746943 0.751630734917708 -0.194145990703255 9.42107883106571
-1.11567498131189 1.78315276411362 -1.82005766940303 0.684716544086114 0.0128703864710404 1.67260840947274 7.8182546363923
1.49979481168557 -0.473818060299382 2.19941423697397 0.427380779753439 2.47617856564932 1.76193562306929 12.5659163263028
-0.905576503453776 2.04085604798049 -2.24244706367608 -2.23682783826254 -1.15712365555577 -2.1845260221418 -11.8334435285326
-0.198220373480581 0.368977205776609 -0.250864813984371 -1.59116163271945 -1.37504795925692 1.6051506458316 -0.394857713157981
0.979420437412337 1.04368918877095 0.967552414485253 1.48979752899148 -1.87497743456624 0.972818116946146 5.40899049986545
-2.04127088855952 -0.617548636002466 -0.306564230751246 -1.92854720642325 2.09657653192524 -1.81845717020333 -3.3937042067735
-1.1393633353943 2.28196337218396 0.476891865157522 -0.588095135847106 -0.535703531424515 -1.34980461555533 -0.619110240916909
-2.16292734485585 0.0334705306822434 -1.41074844405055 0.517561245532706 -2.07471122810617 -1.26121068130247 -5.08307585410411
0.340290789874271 2.48142464204226 -0.0731624770490451 -1.15016658604145 1.17061209868174 -1.28001155657694 2.57691077080625
0.00891056082211472 -0.269474230608903 1.89419479119591 1.07030672613066 -0.743309289785102 0.714269490707666 7.59859516221804
0.84383415854536 1.12968694117852 -0.239949520868249 1.60663584713824 2.11266043807846 -0.544627930643037 6.96626763786468
-0.402585651907139 1.42909282287583 -0.597649554046802 -1.18594269980211 -0.217009125729092 -1.21469910230953 -2.23556431005459
1.68930710983463 0.627470221449621 0.683327823905274 -1.07970038703177 -0.64649383767508 0.19190553042572 3.33102939198039
0.277149922368117 1.53310340880416 -0.671927190483548 -1.68965397226624 -2.27954288152512 1.40394800982904 -4.73648881286188
0.282219905122183 -0.247855761488899 0.951064965631812 1.72364401207305 1.26280242231674 -1.07558738430031 4.62574439870765
-2.25475245215464 1.17718019810505 1.61315600308124 1.13178517422639 -1.56976711879484 1.05271083235741 6.18339640842678
-2.31844273870811 0.083468323792331 -0.156188628161326 1.20506505336612 -1.09365041340236 -0.84526352119632 -0.182075237646594
2.17546469474211 -2.34805481710006 -1.29142395655159 0.628607302978635 1.30656362068374 2.19578999494668 11.8212866937965
-1.91305296204053 -0.9641488872841 -2.21131755428389 0.0340165288001297 -1.60379418335389 0.480251255421899 2.23118953459384
1.79406269785948 1.80024173064623 -1.54897785974201 -0.0161779862688856 1.94769009214360 -0.0447466047294438 7.88416177302784
2.47406139424071 2.46016612801701 -1.15071963354014 -1.48197996101342 -2.24401072044857 0.639775518616661 -8.17642120715606
-0.646912622996606 1.44032582422253 0.867676937086508 -2.04835360445082 -0.449505115663633 -0.231903742090799 2.79585117106971
-1.95118516100571 0.294992394363507 -1.09758073533420 -0.3815910650976 -1.39758082838263 -1.67392763865180 -7.34185059968672
0.874462166838348 2.27528105804697 1.52664367688354 -1.75603340077214 0.163329138071276 -2.38573426195886 3.11193668373142
1.45618844222743 0.064266374995932 -1.38545364161953 -2.01582754431292 -2.31392038916238 0.00636147860903247 -8.26243782554471
1.47002004975919 -1.78536520043388 2.44853361820802 -1.88764978014398 2.39316739122849 2.30081658065785 11.4849831083748
-2.02061823216733 -0.55526055845432 -0.195765171134844 0.374826968689449 -1.42184374367818 2.42765897883568 4.42366788196351
-1.16685538186226 -1.45148338515777 -0.0898433237895366 -1.76239851519931 -1.03604338806123 1.52486039602198 3.12838701454826
1.60806828977074 -1.66255422060378 0.779916730751284 -1.80783690597862 0.223631618660875 1.1896658179909 7.6968550714016
0.789460167991929 -1.48380537900608 0.832985771526582 -1.66887015208136 0.259773535393179 0.254186730021611 7.08482864001045
0.732179285897873 -1.31400390185416 -1.44381050811149 -1.54485241523478 2.00513472664636 0.299608909352683 7.43761956567502
-1.35166747801937 -0.75724932750687 -2.07533834605478 1.47585902210325 -1.82871968119871 -1.18059062381275 -4.2559908920929
-0.264853030960075 -1.19209170279559 1.57708622861654 -1.51517709737178 1.33615228036419 -1.11491236120462 3.93065556667101
-2.36681470820215 0.238826330020093 1.98687853327021 -0.167985279485583 -1.26523371976800 -1.76826923405286 -2.07905049564528
0.839083112319932 -1.96733887937851 -0.206090221405029 2.36845275010914 1.34373490460683 -1.08113083632663 2.35817174580278
2.00912795877084 -1.99277927885298 1.68696609630249 1.70692452298477 1.82024188953452 -2.27767002385575 1.66387023203853
1.53668520272244 -0.711886712173 1.08448142431676 1.62891012288164 -0.927594194859267 0.444501354587264 6.84882856417264
2.29672485917807 1.32589512933977 -0.87041286110878 -0.0465075907902794 1.57920667086262 -1.84586146024521 2.17771387829984
-0.2401184120588 -1.90269383220002 1.87250723759644 -2.2479316690797 1.18404941318091 -0.80611662354786 6.01471386466724
2.06849371774122 -1.29711442125030 2.21498711599503 2.06738411453553 1.15094804713968 -0.432099004518241 8.32080978790356
2.32585848418996 -2.46833878725767 1.65859480494633 0.243615072872490 -0.000514892758801899 1.27324563482311 8.93045765298645
-0.555956872277893 0.101683741528541 1.11536618213169 -2.28046034640167 0.268906291048042 -0.46084782703314 5.12455654802492
-1.97595086654183 -1.12765791632235 0.677574392952956 -2.308384116292 -2.45973237479571 -0.35328831130173 -1.46333338491796
0.906759915752336 1.76289009863045 -2.45131686096545 -1.24202411227860 1.20370907498989 0.389426599764265 6.14867480458865
1.4168552741874 1.00829125842545 -0.540891023282893 -2.18261205652729 0.610754947597161 0.515850845836103 5.88576932720695
0.121559828319587 0.989837916544638 -0.994478401234373 2.27221094948240 -1.18544652800541 0.235914692287333 4.72710480028114
-1.40290084877517 0.86211161641404 2.0108982021641 2.38959005767014 0.0983234751177955 -2.02415859017055 -0.249151289987423
0.764416757235304 -2.2904198165657 -1.04102272131946 2.20319987904280 -0.583214181493968 1.47984260401689 8.41468386613031
-2.20480239265133 -0.420807898985222 1.71198618047871 0.591549127055332 2.49986688234843 -0.218703678161837 4.40307795686776
1.09009368371218 2.36865365261678 -1.61970425069798 1.90869989356957 -1.49352198211476 -0.534280945239589 1.17459163815539
-1.25839513757266 1.63736105508637 -1.37514916337095 -0.861276397644542 2.02147691636812 0.678377923918888 6.84125760785174
-0.876070917900652 0.344722405285575 -1.98705830167979 1.53225361950230 -1.17844326329883 2.11113527391572 5.79778583663899
-1.42668444214854 0.707394971256145 -0.0152560937823729 -2.33816508556716 1.63698191678152 0.406020404919982 8.28256173324527
2.03710544551723 0.611455619339831 -1.02654510290362 1.42239835628308 -0.99386580505874 -1.38938091393560 -1.26253131420033
-2.47269131342880 -1.41840952120721 1.02016344033647 -0.748185314498842 -0.823262917571701 -0.247551195551641 2.86509676508390
1.94499884937424 -0.839279738781042 0.629150446224958 -2.34343727116007 -1.69122910454869 2.29664031876251 -5.53249437146588
-0.591773498984985 0.31570921913255 0.607947665196844 2.48343325905502 0.968412738838233 -2.00873760782648 -0.493451895743453
-1.08496040573809 1.14193542994559 -1.86882012483664 -0.0271585803385825 1.4757633784879 1.34760181182064 9.46672568469523
-0.239088313286193 1.36089446161408 -0.710625374983065 -0.120678658615798 -0.813939306144603 1.7313448526524 3.62936860155305
-1.58653074211907 -2.43729388838634 1.50579954223707 -0.579810345279984 0.330111805796624 -0.951311180535704 2.30185682327988
1.23397145838477 -0.483462445978075 -1.59591524406336 2.35585700174794 1.674180795094 0.878951556929387 11.7634075759516
-0.0149174098204821 1.65913716492709 -0.690776197398081 -1.73826939689461 -2.03759663864039 -1.126948978859 -8.34398507651835
-2.00754789188504 1.03543837300036 -2.46156543333549 -1.16974353719503 1.09216714943759 -1.33171223535202 -3.30843956082402
0.524979111813009 2.13527147493325 1.37554482027888 -1.13280954900663 1.23178415209055 0.427972853430547 10.3090748848287
0.141965187750757 -0.802998351491988 -1.48658566005528 1.34394861445297 -2.16832940136548 2.16565565138124 2.94585411134071
-2.43071289092768 1.71583494778723 -0.438831442845985 0.136828665928915 -1.31440459555015 0.0252533052442594 1.88418655066871
-2.32466924799606 -0.91428824336268 1.29175567156170 1.99593868422788 2.23027219538111 -0.446311877970584 1.05672693939717
-0.950128373554908 1.95030570193194 1.38440225807950 -0.734004687592387 1.38556847471278 0.467397806895897 9.5569077544238
-0.119267388922162 -2.45181701709982 1.40555188388098 1.32795475861058 -2.10271058116574 1.58743271939922 4.91176114551335
0.220202060816809 0.47558160035871 0.903101055934094 0.220540086328983 1.28847633066122 -0.885275649777614 6.13067836325379
-0.88540875995066 -1.39273433883674 2.07512374489102 -1.35692655953579 2.42612065565772 -2.11566649230663 -0.631433020304426
1.26564279241953 0.395133272409439 -1.46913942608517 -1.99822544962168 -0.899969102069736 -1.40339328896254 -8.20430220193263
0.426429554531351 -1.50800122543704 0.72928622752428 -0.541515722856857 0.580259563396685 -0.756558267395012 4.56719858809424
1.04261264885776 -0.771014784635045 -2.27134653506335 2.12799394463655 1.48509872203227 1.81124509778339 13.6644444487575
2.15735891141463 1.26891419831663 1.00669107699301 -2.47124890561681 2.37803482831456 1.96129597133957 11.1233058972825
-0.0819387563178315 -1.32026011185255 -0.171152696614154 -1.27825841090642 -1.99640771980397 -1.87000729165971 -8.80078096752926
0.253308068113402 2.40766810977366 -1.06290287048556 -0.965162714589387 -1.00159602234606 -1.51366468638647 -6.01386534738281
1.35164151519071 -0.188180358959362 2.17445698185824 0.0877599372155964 -1.93724817896727 -0.636509917164221 0.75759863800478
-1.31088107688818 -2.15400536945555 1.31182536662091 2.17756434456911 0.134464090890251 -1.04528527073562 0.496342999666178
-1.72250671041198 0.506146202539094 -0.414345970647410 1.94833645260427 1.98596008621156 1.65815991919488 9.5737216719654
0.077214082656428 1.61542949301656 -1.42368050956633 0.747394921849482 1.40264160797 1.57872681268025 10.7330048014550
-1.20899084909819 -0.449443022515625 -2.32209517459851 2.01607601269148 -1.89381107008085 -0.708173690554686 -1.12538298810077
-1.77850218283013 1.30562447133008 0.40735269756522 0.403828442608938 1.73310876706615 0.545551326922141 8.95239523742608
-1.61794262923766 2.14087048645597 -2.0952706497442 0.393182085300796 -2.47229927219916 0.994303546999581 1.81484104277294
0.544532652338967 -1.80814586106688 -1.89152599010617 0.76031284503173 1.90348343825899 2.40409951098263 13.0502901583776
-0.702477541179396 1.51717751495075 2.41220492220018 0.459310747324489 2.28965055582579 -1.02780752182938 4.49376816790688
-1.19877414980438 -2.07523443583865 1.79411241355818 -0.814612808618695 -0.67274717708584 -1.91215572687332 -2.98856828171921
0.100021564527415 1.35612029286567 0.373989282604307 -2.21111948399339 1.50426541508175 -0.820746971732005 4.93377018563237
0.0319781403988602 2.16012720644008 -0.966965032122098 0.709231739575044 0.889428349877708 -2.15472746099811 -0.105314974543119
-0.204322074535303 0.81725579587277 -2.22870317092165 0.822504158974625 -1.22606004462577 -0.610441271588206 -0.852501881876328
