-2.48927501992633 -2.46700194070581 -2.47052333994846 -2.43977116275346 -6.83807154397229
-1.85067317731834 -1.67746957659256 1.88336340497093 -1.98698076202224 8.68255127041864
2.00927481222122 1.24768436191759 -1.74888636350321 -0.814003842436553 -7.24953778272741
1.62843601219356 0.00226258795009926 -2.27887055658114 0.768846589897294 -8.14756420766884
-0.41164414328523 1.84092979682221 -1.54539008855742 -1.10974344857580 -8.40577465309153
2.43392527095663 -2.07505745450423 1.22231148206629 2.10688655289899 6.91870856786585
-0.302078723092563 -1.77073060241916 -1.14480439447410 1.23198843450518 -6.72983676282587
0.638397610552299 -2.14867029523399 -1.18632245090945 -1.52832617158613 -6.10692213942966
-0.118666297484499 1.70594560950606 -1.9396518455081 2.3733568728397 -8.12355918309037
2.14077279831205 1.81202808680246 -0.80174555897247 -0.230877514094269 -5.30449864318817
1.69194105768111 0.445549883705098 1.76408808577495 0.481779264693614 7.76717084450002
-0.729407993727364 2.15112788199137 1.40559678955469 1.36728605232202 7.2942204883982
0.279971881478559 -0.18366578721907 -1.49189448791246 1.70706593024079 -6.29314913791932
-1.82328457292169 0.953379847536174 1.05769319646060 -0.708597299060784 5.95255827788274
0.451506926251265 -2.22526165645104 -0.393879694786543 0.704359616094735 -2.10912944185004
0.800429995714997 -1.31525763950776 -2.19567566235006 1.12824349920265 -7.881832183265
1.78466477276136 0.905138022111108 -0.289785903199421 -0.425177415813475 -1.84572130582925
-1.07565930658408 0.141278593160678 0.698714348953217 -1.34298272999392 5.23366246611348
-1.66375183630347 -0.933467414036083 -0.606614674247491 -0.853081005159765 -3.43775183912157
0.369954705898029 0.79791222489439 0.60009519084512 -0.102333497178430 2.85906071698470
-0.891706787457224 1.64314578545357 1.11746969161322 -1.03321041145440 5.87598218459282
1.24303695313089 1.25081890122965 -0.441737888148054 0.169702685554512 -1.71924944673464
-2.32625621281719 2.33681219038165 1.52275697890824 -0.656171099981293 8.4527002480302
0.870373287548621 -0.447251796683607 -0.101416142385764 -2.23030972092723 -0.179075810762405
-1.16754376298438 2.49851474026218 -1.65718287666095 0.906022680360668 -6.67540169103293
1.58037854789291 -1.04544689601365 -2.11686404220139 -2.30414464221879 -7.43207541741356
-0.239823660658051 -1.92951303767040 -1.78479630220681 2.49806047230959 -8.03685323753729
-2.09580761832573 0.652965707801438 0.384923810003481 0.58836820255965 1.12666367777070
-2.21844489237992 0.286297823127825 -0.698161615485636 1.53094616120992 -3.38081118817023
2.24374149943469 -1.20439694899445 1.43813805138537 -0.263383549094821 8.07384370675073
-1.32392759921883 -0.85672086851749 2.19403145522422 1.26733354486835 8.86468450435074
1.41673322648664 -1.10824595092951 -1.38105310255196 -1.62551505264128 -5.92108285166763
1.99282398655002 0.39214377993873 0.535356569860596 1.98875806084834 3.61610797118175
1.26431280044684 1.03502521483460 -0.00894074339885265 2.07378939954409 1.19985870136732
0.502826566303459 -1.83604913323264 0.806656946253497 2.30594029448306 4.72670712537321
-0.916690737183671 0.230552797128136 -0.950943947963727 1.05135757889366 -4.62871764901999
1.10238736332394 0.564874299064589 1.72203956831557 -2.08610288156585 8.15130322118155
1.06979486839070 -1.40211711107986 -1.30959701683605 0.088870903768111 -6.15432673115018
0.738251435454004 -0.80196435014174 2.46903942556431 0.370199874140477 8.70329040829029
1.38836008058085 -0.659893971984275 1.98519573799179 -1.25537811409837 8.1573108017552
-0.824750254687387 1.94111509888899 -1.06199918823161 1.85603037600716 -6.16046025267643
2.30316618339081 2.32853384471188 0.238210688946614 -0.570438327558804 1.96645448171357
-1.12092397847058 -0.506308063302034 0.45448850277656 0.945088970649522 1.94227451340086
1.83768544866083 1.54065940393290 -0.179564386528606 -1.82264881833301 -0.285171387037430
-1.50440023236054 -2.28836419869913 0.0212833724993593 -1.45729608670808 1.05408619679874
-0.0744587517886734 1.16628451377619 -0.542576795831944 1.60039716252747 -1.75810656700426
-1.35464898005982 -0.00295999818869541 0.296362229118434 -0.369619657945198 2.93748291217581
0.0256505354579231 -0.295972322909317 -0.886990707736307 0.531465734102918 -4.83942659285633
0.954663436801638 -1.65045438417777 0.0877612006152049 -2.37952435241702 1.30612708244863
2.40766899627245 2.23136444401462 -1.91311396856327 -0.00223454124837463 -8.4390822536738
-2.00664101620593 2.00990648662749 2.10264696729913 -1.23799638875062 8.20873185199055
-0.594575428190486 -0.66845883912174 0.890929101461855 -1.85693456801043 4.65543912613345
-2.38595827734874 1.38057434009776 -2.06930592483453 0.267028722621035 -7.79512351112493
-1.71957040541262 0.730127249320503 2.27447233352965 -2.05179285434618 8.91574561141207
-0.491350290113284 -1.47605313748742 0.980736434304466 1.75149256625446 6.52764781255869
-0.548003802522241 -1.52314873084348 2.37463883250409 1.44908158226948 9.87500340327413
-1.43651654957406 -2.33771131893930 1.26342398100921 0.0509719802066684 7.38770996737556
0.214527690433897 1.42068546405062 1.63265854318161 2.19371283628667 9.522280593106
0.100668962229975 -0.147239117921951 -2.34664777128880 -1.66728936779934 -7.8918415212612
-1.95319221242486 -0.379016344047462 2.01209130479644 -0.991374227276538 8.5580764487824
